&a / °	I1 / %
2.736	19.4
2.733	19.4
2.731	19.3
2.728	19.3
2.725	19.3
2.723	19.3
2.720	19.3
2.717	19.3
2.715	19.3
2.712	19.3
2.709	19.4
2.707	19.3
2.704	19.3
2.701	19.3
2.699	19.3
2.696	19.3
2.693	19.4
2.691	19.4
2.688	19.4
2.685	19.4
2.683	19.4
2.680	19.4
2.677	19.4
2.675	19.4
2.672	19.5
2.669	19.4
2.667	19.4
2.664	19.4
2.661	19.4
2.659	19.4
2.656	19.4
2.653	19.5
2.651	19.4
2.648	19.4
2.645	19.4
2.643	19.4
2.640	19.4
2.637	19.4
2.635	19.4
2.632	19.4
2.629	19.4
2.627	19.4
2.624	19.3
2.621	19.3
2.619	19.4
2.616	19.4
2.613	19.4
2.610	19.4
2.608	19.4
2.605	19.5
2.602	19.4
2.600	19.5
2.597	19.5
2.594	19.5
2.592	19.4
2.589	19.4
2.586	19.4
2.584	19.4
2.581	19.4
2.578	19.4
2.576	19.4
2.573	19.3
2.570	19.3
2.568	19.4
2.565	19.3
2.562	19.4
2.560	19.4
2.557	19.5
2.554	19.4
2.552	19.4
2.549	19.4
2.546	19.4
2.544	19.4
2.541	19.5
2.538	19.5
2.536	19.5
2.533	19.4
2.530	19.5
2.528	19.4
2.525	19.4
2.522	19.5
2.520	19.5
2.517	19.5
2.514	19.5
2.512	19.5
2.509	19.5
2.506	19.5
2.504	19.5
2.501	19.5
2.498	19.4
2.496	19.4
2.493	19.4
2.490	19.4
2.488	19.4
2.485	19.5
2.482	19.5
2.480	19.5
2.477	19.5
2.474	19.5
2.472	19.5
2.469	19.5
2.466	19.5
2.464	19.5
2.461	19.6
2.458	19.5
2.456	19.5
2.453	19.5
2.450	19.5
2.448	19.6
2.445	19.6
2.442	19.6
2.440	19.6
2.437	19.6
2.434	19.6
2.432	19.5
2.429	19.6
2.426	19.6
2.424	19.6
2.421	19.6
2.418	19.6
2.416	19.6
2.413	19.6
2.410	19.6
2.408	19.6
2.405	19.6
2.402	19.6
2.400	19.6
2.397	19.6
2.394	19.5
2.392	19.6
2.389	19.6
2.386	19.6
2.384	19.6
2.381	19.6
2.378	19.6
2.376	19.6
2.373	19.6
2.370	19.7
2.368	19.7
2.365	19.7
2.362	19.7
2.360	19.7
2.357	19.7
2.354	19.7
2.352	19.7
2.349	19.7
2.346	19.7
2.344	19.7
2.341	19.7
2.338	19.8
2.336	19.8
2.333	19.8
2.330	19.8
2.328	19.8
2.325	19.8
2.322	19.8
2.320	19.8
2.317	19.8
2.314	19.9
2.312	19.9
2.309	19.9
2.306	19.9
2.304	19.9
2.301	19.9
2.298	19.9
2.296	19.9
2.293	19.9
2.290	19.9
2.288	19.9
2.285	19.9
2.282	19.9
2.280	19.9
2.277	19.9
2.274	19.9
2.272	19.9
2.269	19.9
2.266	19.9
2.264	19.9
2.261	19.9
2.258	19.9
2.256	19.9
2.253	20.0
2.250	19.9
2.248	20.0
2.245	20.0
2.242	20.0
2.240	20.0
2.237	20.0
2.234	20.0
2.231	20.0
2.229	20.0
2.226	20.0
2.223	20.0
2.221	20.0
2.218	20.0
2.215	20.0
2.213	20.0
2.210	20.0
2.207	20.0
2.205	20.0
2.202	20.0
2.199	20.0
2.197	20.0
2.194	20.0
2.191	20.0
2.189	20.0
2.186	20.0
2.183	20.0
2.181	20.0
2.178	20.0
2.175	20.0
2.173	20.0
2.170	20.0
2.167	20.0
2.165	20.0
2.162	20.0
2.159	20.0
2.157	20.0
2.154	20.0
2.151	20.0
2.149	20.0
2.146	20.0
2.143	20.0
2.141	20.0
2.138	20.0
2.135	20.0
2.133	20.0
2.130	20.0
2.127	20.0
2.125	20.1
2.122	20.1
2.119	20.1
2.117	20.1
2.114	20.1
2.111	20.1
2.109	20.1
2.106	20.1
2.103	20.1
2.101	20.1
2.098	20.1
2.095	20.1
2.093	20.0
2.090	20.1
2.087	20.1
2.085	20.1
2.082	20.1
2.079	20.0
2.077	20.1
2.074	20.1
2.071	20.1
2.069	20.0
2.066	20.1
2.063	20.1
2.061	20.1
2.058	20.1
2.055	20.1
2.053	20.0
2.050	20.0
2.047	20.1
2.045	20.1
2.042	20.1
2.039	20.1
2.037	20.1
2.034	20.1
2.031	20.1
2.029	20.1
2.026	20.1
2.023	20.1
2.021	20.1
2.018	20.1
2.015	20.0
2.013	20.0
2.010	20.0
2.007	20.0
2.005	20.0
2.002	20.0
1.999	20.0
1.997	20.0
1.994	20.0
1.991	20.0
1.989	20.0
1.986	20.0
1.983	20.0
1.980	20.0
1.978	20.0
1.975	20.0
1.972	20.0
1.970	20.0
1.967	20.0
1.964	20.0
1.962	20.0
1.959	20.0
1.956	20.0
1.954	20.0
1.951	20.0
1.948	20.0
1.946	20.0
1.943	20.0
1.940	20.0
1.938	20.0
1.935	20.0
1.932	20.0
1.930	20.0
1.927	20.0
1.924	20.0
1.922	20.0
1.919	20.0
1.916	20.0
1.914	20.0
1.911	20.0
1.908	20.0
1.906	20.0
1.903	20.0
1.900	20.0
1.898	20.0
1.895	20.0
1.892	20.0
1.890	20.0
1.887	20.0
1.884	20.0
1.882	20.0
1.879	20.0
1.876	20.0
1.874	20.0
1.871	20.0
1.868	20.0
1.866	20.0
1.863	20.0
1.860	20.0
1.858	20.0
1.855	20.0
1.852	20.0
1.850	20.0
1.847	20.0
1.844	20.0
1.842	20.0
1.839	20.0
1.836	20.0
1.834	20.0
1.831	20.0
1.828	20.0
1.826	20.0
1.823	20.0
1.820	20.1
1.818	20.1
1.815	20.1
1.812	20.1
1.810	20.1
1.807	20.1
1.804	20.1
1.802	20.1
1.799	20.1
1.796	20.1
1.794	20.1
1.791	20.1
1.788	20.1
1.786	20.1
1.783	20.1
1.780	20.1
1.778	20.1
1.775	20.1
1.772	20.1
1.769	20.1
1.767	20.1
1.764	20.1
1.761	20.2
1.759	20.2
1.756	20.2
1.753	20.2
1.751	20.2
1.748	20.2
1.745	20.2
1.743	20.2
1.740	20.3
1.737	20.3
1.735	20.3
1.732	20.3
1.729	20.3
1.727	20.3
1.724	20.4
1.721	20.3
1.719	20.3
1.716	20.3
1.713	20.4
1.711	20.3
1.708	20.3
1.705	20.4
1.703	20.4
1.700	20.4
1.697	20.4
1.695	20.4
1.692	20.4
1.689	20.4
1.687	20.4
1.684	20.4
1.681	20.3
1.679	20.3
1.676	20.4
1.673	20.3
1.671	20.3
1.668	20.4
1.665	20.4
1.663	20.4
1.660	20.4
1.657	20.4
1.655	20.4
1.652	20.3
1.649	20.4
1.647	20.4
1.644	20.4
1.641	20.4
1.639	20.4
1.636	20.4
1.633	20.4
1.631	20.4
1.628	20.4
1.625	20.4
1.623	20.4
1.620	20.4
1.617	20.4
1.615	20.4
1.612	20.4
1.609	20.4
1.607	20.5
1.604	20.5
1.601	20.5
1.599	20.4
1.596	20.4
1.593	20.4
1.591	20.5
1.588	20.5
1.585	20.4
1.582	20.4
1.580	20.4
1.577	20.4
1.574	20.4
1.572	20.5
1.569	20.5
1.566	20.5
1.564	20.4
1.561	20.4
1.558	20.4
1.556	20.5
1.553	20.5
1.550	20.5
1.548	20.5
1.545	20.5
1.542	20.5
1.540	20.4
1.537	20.5
1.534	20.5
1.532	20.5
1.529	20.4
1.526	20.5
1.524	20.5
1.521	20.5
1.518	20.5
1.516	20.5
1.513	20.5
1.510	20.5
1.508	20.5
1.505	20.5
1.502	20.5
1.500	20.5
1.497	20.5
1.494	20.5
1.492	20.5
1.489	20.5
1.486	20.5
1.484	20.5
1.481	20.5
1.478	20.5
1.476	20.5
1.473	20.5
1.470	20.5
1.468	20.5
1.465	20.5
1.462	20.5
1.460	20.5
1.457	20.5
1.454	20.5
1.452	20.5
1.449	20.5
1.446	20.5
1.444	20.5
1.441	20.5
1.438	20.5
1.436	20.5
1.433	20.5
1.430	20.5
1.428	20.5
1.425	20.5
1.422	20.5
1.419	20.5
1.417	20.5
1.414	20.5
1.411	20.5
1.409	20.5
1.406	20.5
1.403	20.5
1.401	20.5
1.398	20.5
1.395	20.5
1.393	20.5
1.390	20.5
1.387	20.5
1.385	20.5
1.382	20.5
1.379	20.5
1.377	20.5
1.374	20.5
1.371	20.5
1.369	20.8
1.366	20.8
1.363	20.7
1.361	20.7
1.358	20.6
1.355	20.6
1.353	20.6
1.350	20.6
1.347	20.6
1.345	20.6
1.342	20.6
1.339	20.6
1.337	20.6
1.334	20.6
1.331	20.6
1.329	20.5
1.326	20.5
1.323	20.5
1.321	20.5
1.318	20.5
1.315	20.5
1.313	20.5
1.310	20.5
1.307	20.5
1.305	20.5
1.302	20.5
1.299	20.5
1.297	20.5
1.294	20.5
1.291	20.5
1.289	20.5
1.286	20.5
1.283	20.5
1.281	20.5
1.278	20.5
1.275	20.5
1.273	20.5
1.270	20.5
1.267	20.5
1.265	20.5
1.262	20.5
1.259	20.5
1.256	20.5
1.254	20.5
1.251	20.5
1.248	20.5
1.246	20.5
1.243	20.5
1.240	20.5
1.238	20.5
1.235	20.5
1.232	20.5
1.230	20.5
1.227	20.5
1.224	20.5
1.222	20.5
1.219	20.5
1.216	20.5
1.214	20.5
1.211	20.5
1.208	20.5
1.206	20.5
1.203	20.6
1.200	20.6
1.198	20.5
1.195	20.5
1.192	20.6
1.190	20.5
1.187	20.5
1.184	20.6
1.182	20.6
1.179	20.6
1.176	20.6
1.174	20.6
1.171	20.5
1.168	20.6
1.166	20.6
1.163	20.6
1.160	20.6
1.158	20.6
1.155	20.6
1.152	20.6
1.150	20.6
1.147	20.6
1.144	20.6
1.142	20.6
1.139	20.6
1.136	20.6
1.134	20.6
1.131	20.6
1.128	20.6
1.126	20.6
1.123	20.6
1.120	20.6
1.118	20.6
1.115	20.6
1.112	20.6
1.109	20.6
1.107	20.6
1.104	20.6
1.101	20.6
1.099	20.6
1.096	20.6
1.093	20.6
1.091	20.6
1.088	20.6
1.085	20.6
1.083	20.6
1.080	20.6
1.077	20.6
1.075	20.6
1.072	20.6
1.069	20.7
1.067	20.7
1.064	20.7
1.061	20.7
1.059	20.7
1.056	20.7
1.053	20.7
1.051	20.7
1.048	20.7
1.045	20.7
1.043	20.7
1.040	20.8
1.037	20.7
1.035	20.8
1.032	20.7
1.029	20.8
1.027	20.7
1.024	20.8
1.021	20.8
1.019	20.8
1.016	20.8
1.013	20.8
1.011	20.8
1.008	20.8
1.005	20.8
1.003	20.8
1.000	20.8
0.997	20.8
0.995	20.8
0.992	20.8
0.989	20.8
0.987	20.8
0.984	20.8
0.981	20.8
0.979	20.8
0.976	20.8
0.973	20.8
0.970	20.8
0.968	20.8
0.965	20.8
0.962	20.8
0.960	20.8
0.957	20.8
0.954	20.9
0.952	20.8
0.949	20.8
0.946	20.8
0.944	20.8
0.941	20.8
0.938	20.8
0.936	20.8
0.933	20.8
0.930	20.8
0.928	20.8
0.925	20.8
0.922	20.8
0.920	20.8
0.917	20.9
0.914	20.9
0.912	20.9
0.909	20.9
0.906	20.9
0.904	20.9
0.901	20.9
0.898	20.9
0.896	20.9
0.893	20.9
0.890	20.9
0.888	20.9
0.885	20.9
0.882	20.9
0.880	20.9
0.877	20.9
0.874	20.9
0.872	20.9
0.869	20.9
0.866	20.9
0.864	20.9
0.861	20.9
0.858	20.9
0.856	20.9
0.853	20.9
0.850	21.0
0.848	20.9
0.845	20.9
0.842	21.0
0.840	21.0
0.837	21.0
0.834	20.9
0.831	20.9
0.829	20.9
0.826	20.9
0.823	21.0
0.821	21.0
0.818	20.9
0.815	20.9
0.813	21.0
0.810	21.0
0.807	21.0
0.805	21.0
0.802	21.0
0.799	21.0
0.797	21.0
0.794	21.0
0.791	20.9
0.789	21.0
0.786	21.0
0.783	21.1
0.781	21.0
0.778	21.0
0.775	21.0
0.773	21.0
0.770	21.0
0.767	21.1
0.765	21.1
0.762	21.1
0.759	21.1
0.757	21.1
0.754	21.1
0.751	21.0
0.749	21.0
0.746	21.1
0.743	21.1
0.741	21.1
0.738	21.0
0.735	21.0
0.733	21.0
0.730	21.1
0.727	21.1
0.725	21.1
0.722	21.1
0.719	21.1
0.717	21.0
0.714	21.0
0.711	21.0
0.709	21.1
0.706	21.0
0.703	21.0
0.701	21.0
0.698	21.0
0.695	21.0
0.692	21.1
0.690	21.1
0.687	21.0
0.684	21.0
0.682	21.0
0.679	21.0
0.676	21.0
0.674	21.0
0.671	21.1
0.668	21.1
0.666	21.1
0.663	21.1
0.660	21.1
0.658	21.1
0.655	21.1
0.652	21.2
0.650	21.2
0.647	21.1
0.644	21.1
0.642	21.1
0.639	21.1
0.636	21.2
0.634	21.2
0.631	21.2
0.628	21.2
0.626	21.2
0.623	21.2
0.620	21.1
0.618	21.2
0.615	21.2
0.612	21.2
0.610	21.2
0.607	21.2
0.604	21.2
0.602	21.2
0.599	21.2
0.596	21.3
0.594	21.2
0.591	21.2
0.588	21.3
0.586	21.3
0.583	21.2
0.580	21.2
0.578	21.3
0.575	21.3
0.572	21.3
0.570	21.3
0.567	21.3
0.564	21.3
0.561	21.3
0.559	21.3
0.556	21.3
0.553	21.4
0.551	21.3
0.548	21.4
0.545	21.3
0.543	21.3
0.540	21.4
0.537	21.4
0.535	21.4
0.532	21.4
0.529	21.4
0.527	21.5
0.524	21.5
0.521	21.6
0.519	21.6
0.516	21.6
0.513	21.6
0.511	21.6
0.508	21.6
0.505	21.7
0.503	21.7
0.500	21.7
0.497	21.7
0.495	21.8
0.492	21.8
0.489	21.8
0.487	21.8
0.484	21.8
0.481	21.9
0.479	21.9
0.476	21.9
0.473	21.9
0.471	21.9
0.468	21.9
0.465	22.0
0.463	22.0
0.460	22.0
0.457	22.0
0.455	22.0
0.452	22.0
0.449	22.0
0.447	22.1
0.444	22.1
0.441	22.2
0.438	22.2
0.436	22.2
0.433	22.2
0.430	22.2
0.428	22.2
0.425	22.3
0.422	22.4
0.420	22.4
0.417	22.4
0.414	22.4
0.412	22.4
0.409	22.4
0.406	22.4
0.404	22.5
0.401	22.5
0.398	22.5
0.396	22.5
0.393	22.4
0.390	22.4
0.388	22.5
0.385	22.5
0.382	22.5
0.380	22.5
0.377	22.5
0.374	22.5
0.372	22.5
0.369	22.5
0.366	22.5
0.364	22.5
0.361	22.5
0.358	22.5
0.356	22.5
0.353	22.5
0.350	22.5
0.348	22.5
0.345	22.5
0.342	22.5
0.340	22.5
0.337	22.5
0.334	22.5
0.332	22.5
0.329	22.5
0.326	22.5
0.324	22.5
0.321	22.5
0.318	22.5
0.316	22.5
0.313	22.5
0.310	22.5
0.307	22.5
0.305	22.5
0.302	22.5
0.299	22.5
0.297	22.4
0.294	22.4
0.291	22.4
0.289	22.4
0.286	22.4
0.283	22.4
0.281	22.4
0.278	22.4
0.275	22.4
0.273	22.4
0.270	22.4
0.267	22.4
0.265	22.4
0.262	22.3
0.259	22.3
0.257	22.3
0.254	22.4
0.251	22.3
0.249	22.3
0.246	22.4
0.243	22.4
0.241	22.4
0.238	22.4
0.235	22.4
0.233	22.4
0.230	22.4
0.227	22.4
0.225	22.4
0.222	22.4
0.219	22.4
0.217	22.5
0.214	22.5
0.211	22.5
0.209	22.5
0.206	22.5
0.203	22.4
0.201	22.4
0.198	22.4
0.195	22.4
0.193	22.4
0.190	22.4
0.187	22.4
0.184	22.4
0.182	22.2
0.179	22.1
0.176	22.1
0.174	22.0
0.171	22.0
0.168	21.9
0.166	21.9
0.163	22.0
0.160	22.1
0.158	22.2
0.155	22.2
0.152	22.3
0.150	22.3
0.147	22.4
0.144	22.3
0.142	22.4
0.139	22.4
0.136	22.4
0.134	22.4
0.131	22.5
0.128	22.5
0.126	22.5
0.123	22.5
0.120	22.5
0.118	22.5
0.115	22.5
0.112	22.4
0.110	22.4
0.107	22.3
0.104	22.3
0.102	22.3
0.099	22.4
0.096	22.3
0.094	22.3
0.091	22.3
0.088	22.3
0.086	22.3
0.083	22.3
0.080	22.3
0.078	22.3
0.075	22.3
0.072	22.3
0.070	22.2
0.067	22.3
0.064	22.3
0.061	22.3
0.059	22.3
0.056	22.3
0.053	22.3
0.051	22.3
0.048	22.3
0.045	22.4
0.043	22.4
0.040	22.4
0.037	22.4
0.035	22.5
0.032	22.5
0.029	22.5
0.027	22.7
0.024	22.9
0.021	23.2
0.019	23.6
0.016	24.1
0.013	24.8
0.011	25.2
0.008	25.6
0.005	26.0
0.003	26.2
0.000	26.3
-0.003	26.0
-0.005	25.3
-0.008	24.6
-0.011	24.0
-0.013	23.5
-0.016	23.0
-0.019	22.7
-0.021	22.6
-0.024	22.5
-0.027	22.4
-0.029	22.4
-0.032	22.3
-0.035	22.3
-0.037	22.2
-0.040	22.3
-0.043	22.2
-0.045	22.2
-0.048	22.2
-0.051	22.1
-0.053	22.1
-0.056	22.2
-0.059	22.1
-0.061	22.1
-0.064	22.1
-0.067	22.1
-0.070	22.0
-0.072	22.0
-0.075	22.0
-0.078	22.1
-0.080	22.0
-0.083	22.0
-0.086	22.1
-0.088	22.1
-0.091	22.0
-0.094	22.0
-0.096	22.0
-0.099	22.1
-0.102	22.0
-0.104	22.0
-0.107	22.0
-0.110	22.0
-0.112	21.9
-0.115	22.0
-0.118	22.0
-0.120	22.0
-0.123	21.9
-0.126	21.9
-0.128	21.8
-0.131	21.8
-0.134	21.8
-0.136	21.9
-0.139	21.8
-0.142	21.8
-0.144	21.8
-0.147	21.8
-0.150	21.8
-0.152	21.8
-0.155	21.8
-0.158	21.8
-0.160	21.8
-0.163	21.8
-0.166	21.7
-0.168	21.7
-0.171	21.8
-0.174	21.8
-0.176	21.7
-0.179	21.7
-0.182	21.7
-0.184	21.7
-0.187	21.7
-0.190	21.7
-0.193	21.7
-0.195	21.7
-0.198	21.7
-0.201	21.7
-0.203	21.7
-0.206	21.7
-0.209	21.7
-0.211	21.7
-0.214	21.6
-0.217	21.6
-0.219	21.6
-0.222	21.6
-0.225	21.6
-0.227	21.6
-0.230	21.6
-0.233	21.6
-0.235	21.6
-0.238	21.6
-0.241	21.5
-0.243	21.5
-0.246	21.5
-0.249	21.6
-0.251	21.5
-0.254	21.5
-0.257	21.5
-0.259	21.5
-0.262	21.5
-0.265	21.5
-0.267	21.5
-0.270	21.5
-0.273	21.5
-0.275	21.5
-0.278	21.5
-0.281	21.4
-0.283	21.4
-0.286	21.5
-0.289	21.4
-0.291	21.4
-0.294	21.4
-0.297	21.4
-0.299	21.4
-0.302	21.4
-0.305	21.4
-0.307	21.4
-0.310	21.4
-0.313	21.4
-0.316	21.4
-0.318	21.4
-0.321	21.4
-0.324	21.4
-0.326	21.4
-0.329	21.4
-0.332	21.4
-0.334	21.4
-0.337	21.3
-0.340	21.4
-0.342	21.4
-0.345	21.4
-0.348	21.4
-0.350	21.4
-0.353	21.4
-0.356	21.4
-0.358	21.5
-0.361	21.7
-0.364	21.7
-0.366	21.8
-0.369	21.8
-0.372	21.8
-0.374	21.8
-0.377	21.7
-0.380	21.7
-0.382	21.6
-0.385	21.4
-0.388	21.3
-0.390	21.3
-0.393	21.2
-0.396	21.1
-0.398	21.2
-0.401	21.2
-0.404	21.2
-0.406	21.1
-0.409	21.1
-0.412	21.0
-0.414	21.1
-0.417	21.2
-0.420	21.2
-0.422	21.1
-0.425	21.1
-0.428	21.1
-0.430	21.1
-0.433	21.1
-0.436	21.1
-0.438	21.2
-0.441	21.2
-0.444	21.1
-0.447	21.1
-0.449	21.1
-0.452	21.1
-0.455	21.1
-0.457	21.1
-0.460	21.1
-0.463	21.1
-0.465	21.1
-0.468	21.1
-0.471	21.1
-0.473	21.1
-0.476	21.1
-0.479	21.1
-0.481	21.0
-0.484	21.0
-0.487	21.0
-0.489	21.0
-0.492	21.0
-0.495	21.1
-0.497	21.1
-0.500	21.1
-0.503	21.1
-0.505	21.1
-0.508	21.0
-0.511	21.0
-0.513	21.1
-0.516	21.1
-0.519	21.0
-0.521	21.0
-0.524	21.0
-0.527	21.0
-0.529	21.0
-0.532	21.1
-0.535	21.1
-0.537	21.1
-0.540	21.1
-0.543	21.1
-0.545	21.0
-0.548	21.1
-0.551	21.1
-0.553	21.2
-0.556	21.1
-0.559	21.1
-0.561	21.1
-0.564	21.1
-0.567	21.1
-0.570	21.1
-0.572	21.1
-0.575	21.1
-0.578	21.0
-0.580	21.0
-0.583	21.0
-0.586	21.0
-0.588	21.0
-0.591	21.1
-0.594	21.0
-0.596	21.0
-0.599	21.0
-0.602	21.0
-0.604	21.0
-0.607	21.0
-0.610	21.0
-0.612	21.1
-0.615	21.0
-0.618	21.1
-0.620	21.0
-0.623	21.0
-0.626	21.1
-0.628	21.1
-0.631	21.1
-0.634	21.1
-0.636	21.1
-0.639	21.1
-0.642	21.0
-0.644	21.0
-0.647	21.1
-0.650	21.1
-0.652	21.0
-0.655	21.0
-0.658	21.0
-0.660	21.0
-0.663	21.1
-0.666	21.1
-0.668	21.1
-0.671	21.0
-0.674	21.0
-0.676	21.0
-0.679	21.0
-0.682	21.0
-0.684	21.0
-0.687	21.0
-0.690	21.0
-0.692	21.0
-0.695	21.0
-0.698	21.0
-0.701	21.0
-0.703	21.0
-0.706	21.1
-0.709	21.0
-0.711	21.0
-0.714	21.0
-0.717	21.0
-0.719	21.0
-0.722	21.0
-0.725	21.1
-0.727	21.0
-0.730	21.0
-0.733	21.0
-0.735	21.0
-0.738	21.0
-0.741	21.0
-0.743	21.0
-0.746	21.0
-0.749	21.0
-0.751	20.9
-0.754	20.9
-0.757	20.9
-0.759	20.9
-0.762	20.9
-0.765	20.9
-0.767	20.9
-0.770	20.9
-0.773	20.9
-0.775	20.9
-0.778	20.9
-0.781	20.9
-0.783	20.9
-0.786	20.9
-0.789	20.9
-0.791	20.9
-0.794	20.9
-0.797	20.9
-0.799	20.9
-0.802	20.9
-0.805	20.9
-0.807	20.9
-0.810	20.9
-0.813	20.9
-0.815	20.9
-0.818	20.9
-0.821	20.9
-0.823	20.9
-0.826	20.9
-0.829	20.9
-0.831	20.8
-0.834	20.8
-0.837	20.8
-0.840	20.8
-0.842	20.8
-0.845	20.8
-0.848	20.8
-0.850	20.8
-0.853	20.8
-0.856	20.8
-0.858	20.8
-0.861	20.8
-0.864	20.8
-0.866	20.7
-0.869	20.7
-0.872	20.7
-0.874	20.7
-0.877	20.8
-0.880	20.8
-0.882	20.7
-0.885	20.8
-0.888	20.7
-0.890	20.7
-0.893	20.7
-0.896	20.7
-0.898	20.7
-0.901	20.7
-0.904	20.7
-0.906	20.7
-0.909	20.7
-0.912	20.7
-0.914	20.7
-0.917	20.7
-0.920	20.7
-0.922	20.7
-0.925	20.7
-0.928	20.7
-0.930	20.7
-0.933	20.7
-0.936	20.7
-0.938	20.7
-0.941	20.7
-0.944	20.7
-0.946	20.7
-0.949	20.7
-0.952	20.7
-0.954	20.7
-0.957	20.7
-0.960	20.7
-0.962	20.7
-0.965	20.7
-0.968	20.7
-0.970	20.7
-0.973	20.7
-0.976	20.7
-0.979	20.7
-0.981	20.7
-0.984	20.7
-0.987	20.7
-0.989	20.7
-0.992	20.7
-0.995	20.7
-0.997	20.7
-1.000	20.7
-1.003	20.7
-1.005	20.7
-1.008	20.7
-1.011	20.7
-1.013	20.7
-1.016	20.7
-1.019	20.7
-1.021	20.6
-1.024	20.6
-1.027	20.6
-1.029	20.6
-1.032	20.6
-1.035	20.6
-1.037	20.6
-1.040	20.6
-1.043	20.6
-1.045	20.6
-1.048	20.6
-1.051	20.6
-1.053	20.6
-1.056	20.6
-1.059	20.6
-1.061	20.6
-1.064	20.6
-1.067	20.6
-1.069	20.6
-1.072	20.6
-1.075	20.6
-1.077	20.6
-1.080	20.6
-1.083	20.6
-1.085	20.6
-1.088	20.6
-1.091	20.6
-1.093	20.6
-1.096	20.6
-1.099	20.6
-1.101	20.6
-1.104	20.6
-1.107	20.6
-1.109	20.6
-1.112	20.6
-1.115	20.6
-1.118	20.6
-1.120	20.6
-1.123	20.6
-1.126	20.6
-1.128	20.6
-1.131	20.6
-1.134	20.6
-1.136	20.6
-1.139	20.6
-1.142	20.6
-1.144	20.6
-1.147	20.6
-1.150	20.6
-1.152	20.6
-1.155	20.6
-1.158	20.6
-1.160	20.5
-1.163	20.6
-1.166	20.5
-1.168	20.5
-1.171	20.5
-1.174	20.5
-1.176	20.5
-1.179	20.5
-1.182	20.5
-1.184	20.5
-1.187	20.5
-1.190	20.5
-1.192	20.4
-1.195	20.4
-1.198	20.4
-1.200	20.4
-1.203	20.4
-1.206	20.4
-1.208	20.5
-1.211	20.4
-1.214	20.4
-1.216	20.5
-1.219	20.5
-1.222	20.5
-1.224	20.5
-1.227	20.5
-1.230	20.5
-1.232	20.5
-1.235	20.5
-1.238	20.5
-1.240	20.5
-1.243	20.5
-1.246	20.5
-1.248	20.4
-1.251	20.4
-1.254	20.4
-1.256	20.4
-1.259	20.4
-1.262	20.4
-1.265	20.3
-1.267	20.3
-1.270	20.3
-1.273	20.3
-1.275	20.4
-1.278	20.4
-1.281	20.4
-1.283	20.4
-1.286	20.3
-1.289	20.3
-1.291	20.3
-1.294	20.3
-1.297	20.3
-1.299	20.3
-1.302	20.3
-1.305	20.3
-1.307	20.3
-1.310	20.3
-1.313	20.3
-1.315	20.3
-1.318	20.3
-1.321	20.3
-1.323	20.3
-1.326	20.3
-1.329	20.3
-1.331	20.3
-1.334	20.3
-1.337	20.2
-1.339	20.2
-1.342	20.2
-1.345	20.2
-1.347	20.2
-1.350	20.2
-1.353	20.2
-1.355	20.2
-1.358	20.2
-1.361	20.2
-1.363	20.2
-1.366	20.2
-1.369	20.2
-1.371	20.1
-1.374	20.1
-1.377	20.1
-1.379	20.1
-1.382	20.1
-1.385	20.1
-1.387	20.1
-1.390	20.1
-1.393	20.1
-1.395	20.1
-1.398	20.1
-1.401	20.1
-1.403	20.1
-1.406	20.1
-1.409	20.1
-1.411	20.1
-1.414	20.1
-1.417	20.1
-1.419	20.1
-1.422	20.1
-1.425	20.1
-1.428	20.1
-1.430	20.1
-1.433	20.1
-1.436	20.1
-1.438	20.1
-1.441	20.1
-1.444	20.1
-1.446	20.1
-1.449	20.1
-1.452	20.1
-1.454	20.1
-1.457	20.1
-1.460	20.1
-1.462	20.1
-1.465	20.1
-1.468	20.1
-1.470	20.1
-1.473	20.1
-1.476	20.1
-1.478	20.1
-1.481	20.1
-1.484	20.1
-1.486	20.1
-1.489	20.1
-1.492	20.1
-1.494	20.1
-1.497	20.1
-1.500	20.1
-1.502	20.0
-1.505	20.0
-1.508	20.1
-1.510	20.1
-1.513	20.1
-1.516	20.1
-1.518	20.1
-1.521	20.1
-1.524	20.0
-1.526	20.0
-1.529	20.0
-1.532	20.0
-1.534	20.0
-1.537	20.0
-1.540	20.0
-1.542	20.0
-1.545	20.0
-1.548	20.0
-1.550	20.0
-1.553	20.0
-1.556	20.0
-1.558	20.0
-1.561	20.0
-1.564	20.0
-1.566	20.0
-1.569	20.0
-1.572	19.9
-1.574	20.0
-1.577	19.9
-1.580	19.9
-1.582	19.9
-1.585	19.9
-1.588	20.0
-1.591	19.9
-1.593	19.9
-1.596	19.9
-1.599	19.8
-1.601	19.8
-1.604	19.8
-1.607	19.8
-1.609	19.8
-1.612	19.8
-1.615	19.8
-1.617	19.7
-1.620	19.7
-1.623	19.7
-1.625	19.7
-1.628	19.7
-1.631	19.6
-1.633	19.7
-1.636	19.6
-1.639	19.6
-1.641	19.6
-1.644	19.6
-1.647	19.5
-1.649	19.5
-1.652	19.5
-1.655	19.5
-1.657	19.5
-1.660	19.5
-1.663	19.5
-1.665	19.5
-1.668	19.5
-1.671	19.5
-1.673	19.4
-1.676	19.5
-1.679	19.5
-1.681	19.5
-1.684	19.5
-1.687	19.4
-1.689	19.5
-1.692	19.4
-1.695	19.5
-1.697	19.5
-1.700	19.5
-1.703	19.5
-1.705	19.4
-1.708	19.5
-1.711	19.4
-1.713	19.4
-1.716	19.5
-1.719	19.5
-1.721	19.4
-1.724	19.4
-1.727	19.4
-1.729	19.4
-1.732	19.4
-1.735	19.4
-1.737	19.4
-1.740	19.4
-1.743	19.4
-1.745	19.4
-1.748	19.3
-1.751	19.3
-1.753	19.3
-1.756	19.3
-1.759	19.3
-1.761	19.3
-1.764	19.3
-1.767	19.3
-1.769	19.3
-1.772	19.3
-1.775	19.3
-1.778	19.3
-1.780	19.3
-1.783	19.3
-1.786	19.3
-1.788	19.3
-1.791	19.3
-1.794	19.3
-1.796	19.3
-1.799	19.3
-1.802	19.3
-1.804	19.3
-1.807	19.3
-1.810	19.3
-1.812	19.3
-1.815	19.3
-1.818	19.2
-1.820	19.2
-1.823	19.2
-1.826	19.2
-1.828	19.2
-1.831	19.2
-1.834	19.2
-1.836	19.2
-1.839	19.2
-1.842	19.2
-1.844	19.2
-1.847	19.2
-1.850	19.2
-1.852	19.2
-1.855	19.2
-1.858	19.2
-1.860	19.2
-1.863	19.2
-1.866	19.2
-1.868	19.2
-1.871	19.2
-1.874	19.2
-1.876	19.2
-1.879	19.2
-1.882	19.1
-1.884	19.1
-1.887	19.1
-1.890	19.1
-1.892	19.1
-1.895	19.1
-1.898	19.1
-1.900	19.1
-1.903	19.1
-1.906	19.1
-1.908	19.1
-1.911	19.1
-1.914	19.1
-1.916	19.1
-1.919	19.1
-1.922	19.1
-1.924	19.1
-1.927	19.1
-1.930	19.0
-1.932	19.0
-1.935	19.0
-1.938	19.0
-1.940	19.0
-1.943	19.0
-1.946	19.1
-1.948	19.1
-1.951	19.0
-1.954	19.0
-1.956	19.0
-1.959	19.0
-1.962	19.0
-1.964	19.0
-1.967	19.0
-1.970	19.0
-1.972	19.0
-1.975	19.0
-1.978	19.0
-1.980	19.0
-1.983	19.0
-1.986	19.0
-1.989	19.0
-1.991	19.0
-1.994	19.0
-1.997	19.0
-1.999	19.0
-2.002	19.0
-2.005	19.0
-2.007	19.0
-2.010	19.0
-2.013	19.0
-2.015	19.0
-2.018	19.0
-2.021	19.0
-2.023	19.0
-2.026	19.0
-2.029	19.0
-2.031	19.0
-2.034	19.0
-2.037	19.0
-2.039	19.0
-2.042	19.0
-2.045	18.9
-2.047	18.9
-2.050	18.9
-2.053	18.9
-2.055	18.9
-2.058	18.9
-2.061	19.0
-2.063	19.0
-2.066	19.0
-2.069	19.0
-2.071	19.0
-2.074	19.0
-2.077	19.0
-2.079	19.0
-2.082	19.0
-2.085	19.0
-2.087	18.9
-2.090	18.9
-2.093	18.9
-2.095	18.9
-2.098	19.0
-2.101	19.0
-2.103	19.0
-2.106	18.9
-2.109	19.0
-2.111	18.9
-2.114	18.9
-2.117	18.9
-2.119	18.9
-2.122	18.9
-2.125	18.9
-2.127	18.9
-2.130	18.9
-2.133	18.9
-2.135	18.9
-2.138	18.9
-2.141	18.9
-2.143	18.9
-2.146	18.9
-2.149	18.8
-2.151	18.8
-2.154	18.9
-2.157	18.9
-2.159	18.9
-2.162	18.9
-2.165	18.9
-2.167	18.9
-2.170	18.9
-2.173	18.9
-2.175	18.9
-2.178	18.9
-2.181	18.9
-2.183	18.9
-2.186	18.8
-2.189	18.9
-2.191	18.9
-2.194	18.9
-2.197	18.9
-2.199	18.9
-2.202	18.9
-2.205	18.8
-2.207	18.8
-2.210	18.9
-2.213	18.9
-2.215	18.9
-2.218	18.8
-2.221	18.8
-2.223	18.8
-2.226	18.8
-2.229	18.8
-2.231	18.8
-2.234	18.8
-2.237	18.8
-2.240	18.8
-2.242	18.8
-2.245	18.8
-2.248	18.8
-2.250	18.8
-2.253	18.8
-2.256	18.8
-2.258	18.8
-2.261	18.8
-2.264	18.8
-2.266	18.8
-2.269	18.8
-2.272	18.8
-2.274	18.8
-2.277	18.8
-2.280	18.8
-2.282	18.7
-2.285	18.7
-2.288	18.7
-2.290	18.8
-2.293	18.7
-2.296	18.7
-2.298	18.7
-2.301	18.7
-2.304	18.7
-2.306	18.7
-2.309	18.7
-2.312	18.7
-2.314	18.7
-2.317	18.7
-2.320	18.7
-2.322	18.7
-2.325	18.7
-2.328	18.7
-2.330	18.7
-2.333	18.6
-2.336	18.6
-2.338	18.6
-2.341	18.6
-2.344	18.6
-2.346	18.6
-2.349	18.6
-2.352	18.6
-2.354	18.6
-2.357	18.5
-2.360	18.5
-2.362	18.5
-2.365	18.6
-2.368	18.5
-2.370	18.5
-2.373	18.5
-2.376	18.5
-2.378	18.5
-2.381	18.5
-2.384	18.5
-2.386	18.5
-2.389	18.5
-2.392	18.5
-2.394	18.4
-2.397	18.4
-2.400	18.5
-2.402	18.5
-2.405	18.5
-2.408	18.5
-2.410	18.4
-2.413	18.4
-2.416	18.4
-2.418	18.4
-2.421	18.4
-2.424	18.4
-2.426	18.4
-2.429	18.4
-2.432	18.4
-2.434	18.4
-2.437	18.4
-2.440	18.4
-2.442	18.3
-2.445	18.3
-2.448	18.3
-2.450	18.3
-2.453	18.2
-2.456	18.2
-2.458	18.2
-2.461	18.2
-2.464	18.2
-2.466	18.2
-2.469	18.2
-2.472	18.2
-2.474	18.2
-2.477	18.2
-2.480	18.2
-2.482	18.2
-2.485	18.2
-2.488	18.2
-2.490	18.1
-2.493	18.1
-2.496	18.1
-2.498	18.2
-2.501	18.2
-2.504	18.2
-2.506	18.2
-2.509	18.2
-2.512	18.1
-2.514	18.2
-2.517	18.2
-2.520	18.2
-2.522	18.2
-2.525	18.2
-2.528	18.1
-2.530	18.1
-2.533	18.1
-2.536	18.2
-2.538	18.2
-2.541	18.1
-2.544	18.1
-2.546	18.1
-2.549	18.1
-2.552	18.1
-2.554	18.2
-2.557	18.1
-2.560	18.1
-2.562	18.1
-2.565	18.1
-2.568	18.1
-2.570	18.1
-2.573	18.1
-2.576	18.1
-2.578	18.1
-2.581	18.1
-2.584	18.1
-2.586	18.1
-2.589	18.1
-2.592	18.1
-2.594	18.1
-2.597	18.1
-2.600	18.1
-2.602	18.1
-2.605	18.1
-2.608	18.1
-2.610	18.1
-2.613	18.1
-2.616	18.1
-2.619	18.1
-2.621	18.1
-2.624	18.1
-2.627	18.1
-2.629	18.1
-2.632	18.1
-2.635	18.1
-2.637	18.1
-2.640	18.1
-2.643	18.1
-2.645	18.1
-2.648	18.1
-2.651	18.1
-2.653	18.1
-2.656	18.1
-2.659	18.1
-2.661	18.1
-2.664	18.1
-2.667	18.1
-2.669	18.1
-2.672	18.1
-2.675	18.1
-2.677	18.1
-2.680	18.1
-2.683	18.1
-2.685	18.1
-2.688	18.1
-2.691	18.1
-2.693	18.1
-2.696	18.1
-2.699	18.1
-2.701	18.1
-2.704	18.1
-2.707	18.2
-2.709	18.1
-2.712	18.1
-2.715	18.1
-2.717	18.1
-2.720	18.1
-2.723	18.1
-2.725	18.1
-2.728	18.1
-2.731	18.1
-2.733	18.1
