U_B / V	U_A / V	U_A1 / V
0.05	0.00	0.00
0.05	0.01	0.01
0.05	0.00	0.00
0.05	0.01	0.01
0.05	0.01	0.01
0.05	0.01	0.01
0.20	0.00	0.00
0.40	0.00	0.00
0.60	0.00	0.00
0.80	0.00	0.00
0.95	0.00	0.00
1.15	0.00	0.00
1.35	0.00	0.00
1.50	0.00	0.00
1.70	0.01	0.01
1.90	0.00	0.00
2.10	0.01	0.01
2.30	0.00	0.00
2.45	0.00	0.00
2.65	0.00	0.00
2.80	0.01	0.01
3.00	0.00	0.00
3.15	0.01	0.01
3.40	0.00	0.00
3.55	0.01	0.01
3.80	0.00	0.00
3.95	0.00	0.00
4.15	-0.01	-0.01
4.30	0.00	0.00
4.50	0.00	0.00
4.70	0.01	0.01
4.85	-0.01	-0.01
5.05	0.01	0.01
5.25	0.00	0.00
5.45	0.01	0.01
5.60	0.00	0.00
5.80	0.01	0.01
6.00	0.00	0.00
6.15	0.01	0.01
6.35	0.01	0.01
6.55	0.01	0.01
6.75	0.00	0.00
6.90	0.01	0.01
7.10	0.01	0.01
7.25	0.01	0.01
7.45	0.00	0.00
7.65	0.01	0.01
7.85	0.01	0.01
8.05	0.01	0.01
8.20	0.01	0.01
8.40	0.01	0.01
8.60	0.00	0.00
8.75	0.00	0.00
8.95	0.00	0.00
9.15	0.00	0.00
9.35	0.00	0.00
9.50	0.00	0.00
9.70	0.00	0.00
9.90	0.00	0.00
10.05	0.01	0.01
10.25	0.00	0.00
10.45	0.01	0.01
10.65	0.01	0.01
10.80	0.02	0.02
11.00	0.03	0.03
11.20	0.05	0.05
11.40	0.06	0.06
11.55	0.08	0.08
11.75	0.08	0.08
11.90	0.08	0.08
12.10	0.07	0.07
12.30	0.07	0.07
12.45	0.05	0.05
12.70	0.05	0.05
12.90	0.03	0.03
13.10	0.03	0.03
13.25	0.02	0.02
13.45	0.02	0.02
13.60	0.01	0.01
13.80	0.02	0.02
14.00	0.01	0.01
14.15	0.02	0.02
14.35	0.01	0.01
14.55	0.01	0.01
14.75	0.01	0.01
14.90	0.01	0.01
15.10	0.01	0.01
15.30	0.03	0.03
15.50	0.05	0.05
15.65	0.09	0.09
15.85	0.13	0.13
16.05	0.19	0.19
16.25	0.24	0.24
16.40	0.31	0.31
16.60	0.34	0.34
16.80	0.34	0.34
16.95	0.30	0.30
17.15	0.24	0.24
17.30	0.19	0.19
17.50	0.15	0.15
17.70	0.10	0.10
17.90	0.08	0.08
18.05	0.06	0.06
18.25	0.04	0.04
18.45	0.03	0.03
18.65	0.02	0.02
18.80	0.02	0.02
19.00	0.01	0.01
19.20	0.01	0.01
19.35	0.01	0.01
19.55	0.01	0.01
19.75	0.01	0.01
19.95	0.03	0.03
20.15	0.05	0.05
20.35	0.10	0.10
20.50	0.15	0.15
20.70	0.25	0.25
20.90	0.33	0.33
21.10	0.46	0.46
21.25	0.57	0.57
21.45	0.67	0.67
21.65	0.68	0.68
21.80	0.64	0.64
22.00	0.52	0.52
22.20	0.44	0.44
22.40	0.32	0.32
22.55	0.25	0.25
22.75	0.17	0.17
22.95	0.13	0.13
23.10	0.08	0.08
23.30	0.06	0.06
23.50	0.04	0.04
23.65	0.04	0.04
23.85	0.02	0.02
24.05	0.02	0.02
24.20	0.01	0.01
24.40	0.02	0.02
24.60	0.02	0.02
24.80	0.05	0.05
24.95	0.09	0.09
25.15	0.16	0.16
25.35	0.24	0.24
25.55	0.37	0.37
25.75	0.51	0.51
25.95	0.71	0.71
26.10	0.87	0.87
26.30	1.02	1.02
26.50	1.12	1.12
26.65	1.09	1.09
26.85	0.99	0.99
27.00	0.86	0.86
27.20	0.72	0.72
27.40	0.56	0.56
27.60	0.41	0.41
27.80	0.30	0.30
27.95	0.22	0.22
28.15	0.15	0.15
28.35	0.11	0.11
28.50	0.07	0.07
28.70	0.06	0.06
28.90	0.03	0.03
29.10	0.03	0.03
29.25	0.02	0.02
29.45	0.04	0.04
29.65	0.05	0.05
29.80	0.11	0.11
30.00	0.19	0.19
30.20	0.28	0.28
30.40	0.43	0.43
30.55	0.63	0.63
30.75	0.87	0.87
30.95	1.09	1.09
31.10	1.33	1.33
31.30	1.55	1.55
31.50	1.62	1.62
31.70	1.61	1.61
31.85	1.52	1.52
32.05	1.38	1.38
32.25	1.19	1.19
32.45	0.94	0.94
32.60	0.77	0.77
32.80	0.59	0.59
32.95	0.45	0.45
33.15	0.33	0.33
33.35	0.25	0.25
33.50	0.18	0.18
33.70	0.13	0.13
33.90	0.10	0.10
34.10	0.08	0.08
34.25	0.08	0.08
34.45	0.10	0.10
34.65	0.14	0.14
34.85	0.23	0.23
35.00	0.35	0.35
35.25	0.54	0.54
35.40	0.74	0.74
35.60	1.06	1.06
35.80	1.36	1.36
35.95	1.67	1.67
36.15	2.01	2.01
36.35	2.24	2.24
36.50	2.37	2.37
36.70	2.41	2.41
36.90	2.34	2.34
37.05	2.20	2.20
37.25	1.95	1.95
37.45	1.70	1.70
37.65	1.40	1.40
37.80	1.19	1.19
38.00	0.91	0.91
38.20	0.75	0.75
38.35	0.61	0.61
38.55	0.48	0.48
38.70	0.40	0.40
38.70	0.41	0.41
38.70	0.39	0.39
38.70	0.41	0.41
38.70	0.40	0.40
38.70	0.41	0.41
38.70	0.40	0.40
38.70	0.41	0.41
38.70	0.40	0.40
38.70	0.41	0.41
38.70	0.40	0.40
38.70	0.41	0.41
38.70	0.41	0.41
38.70	0.41	0.41
38.70	0.41	0.41
38.70	0.41	0.41
38.70	0.41	0.41
38.70	0.41	0.41
38.70	0.41	0.41
38.70	0.40	0.40
38.70	0.41	0.41
38.70	0.41	0.41
38.70	0.41	0.41
38.70	0.41	0.41
38.70	0.41	0.41
38.70	0.40	0.40
38.70	0.41	0.41
