U_B / V	U_A / V	U_A1 / V
0.05	-0.01	-0.01
0.05	0.00	0.00
0.05	0.00	0.00
0.05	0.00	0.00
0.05	0.00	0.00
0.05	0.01	0.01
0.05	0.00	0.00
0.05	0.01	0.01
0.05	0.00	0.00
0.05	0.01	0.01
0.00	0.00	0.00
0.00	0.01	0.01
0.05	0.00	0.00
0.05	0.01	0.01
0.05	0.00	0.00
0.05	0.00	0.00
0.20	0.00	0.00
0.05	0.00	0.00
0.05	0.00	0.00
0.05	0.00	0.00
0.05	0.00	0.00
0.05	0.00	0.00
0.05	0.00	0.00
0.05	0.00	0.00
0.05	0.00	0.00
0.05	0.00	0.00
0.05	0.00	0.00
0.05	0.00	0.00
0.05	0.00	0.00
0.05	0.00	0.00
0.05	0.00	0.00
0.05	-0.01	-0.01
0.05	0.00	0.00
0.05	-0.01	-0.01
0.05	0.00	0.00
0.05	-0.01	-0.01
0.05	0.00	0.00
0.05	-0.01	-0.01
0.05	0.00	0.00
0.05	0.00	0.00
0.05	0.01	0.01
0.05	0.00	0.00
0.05	0.01	0.01
0.05	-0.01	-0.01
0.05	0.01	0.01
0.05	0.00	0.00
0.05	0.01	0.01
0.05	0.00	0.00
0.05	0.01	0.01
0.05	0.00	0.00
0.05	0.01	0.01
0.05	0.00	0.00
0.00	0.01	0.01
0.05	0.00	0.00
0.05	0.00	0.00
0.00	0.00	0.00
0.05	0.00	0.00
0.05	0.00	0.00
0.05	0.01	0.01
0.05	0.00	0.00
0.05	0.00	0.00
0.05	0.00	0.00
0.00	0.00	0.00
0.05	0.00	0.00
0.05	0.00	0.00
0.05	0.00	0.00
0.05	0.00	0.00
0.05	0.00	0.00
0.05	0.00	0.00
0.05	0.00	0.00
0.05	0.00	0.00
0.05	0.00	0.00
0.05	0.00	0.00
0.05	0.00	0.00
0.00	-0.01	-0.01
0.05	0.00	0.00
0.05	-0.01	-0.01
0.00	0.00	0.00
0.05	-0.01	-0.01
0.05	0.00	0.00
0.05	-0.01	-0.01
0.05	0.00	0.00
0.05	-0.01	-0.01
0.05	0.00	0.00
0.00	-0.01	-0.01
0.05	0.00	0.00
0.05	-0.01	-0.01
0.05	0.01	0.01
0.05	0.00	0.00
0.05	0.01	0.01
0.05	0.00	0.00
0.05	0.00	0.00
0.05	0.00	0.00
0.05	0.01	0.01
0.05	0.00	0.00
0.05	0.01	0.01
0.05	0.00	0.00
0.05	0.01	0.01
0.05	0.00	0.00
0.05	0.01	0.01
0.05	0.00	0.00
0.00	0.01	0.01
0.00	0.00	0.00
0.05	0.00	0.00
0.05	0.00	0.00
0.00	0.00	0.00
0.05	0.00	0.00
0.05	0.00	0.00
0.05	0.00	0.00
0.20	0.00	0.00
0.40	0.00	0.00
0.60	0.00	0.00
0.80	0.00	0.00
0.95	0.00	0.00
1.15	0.00	0.00
1.35	0.00	0.00
1.50	0.00	0.00
1.70	0.00	0.00
1.90	0.00	0.00
2.10	-0.01	-0.01
2.25	0.00	0.00
2.45	-0.01	-0.01
2.65	0.00	0.00
2.80	-0.01	-0.01
3.00	0.00	0.00
3.15	-0.01	-0.01
3.35	0.00	0.00
3.55	-0.01	-0.01
3.75	0.00	0.00
3.90	0.00	0.00
4.10	0.00	0.00
4.30	0.00	0.00
4.50	0.01	0.01
4.65	0.00	0.00
4.85	0.01	0.01
5.05	0.00	0.00
5.20	0.01	0.01
5.40	0.01	0.01
5.60	0.02	0.02
5.80	0.02	0.02
5.95	0.04	0.04
6.15	0.04	0.04
6.30	0.06	0.06
6.55	0.06	0.06
6.70	0.08	0.08
6.90	0.07	0.07
7.10	0.08	0.08
7.25	0.07	0.07
7.45	0.07	0.07
7.65	0.06	0.06
7.85	0.06	0.06
8.05	0.05	0.05
8.20	0.04	0.04
8.40	0.04	0.04
8.60	0.03	0.03
8.80	0.03	0.03
8.95	0.03	0.03
9.15	0.03	0.03
9.35	0.03	0.03
9.50	0.03	0.03
9.70	0.04	0.04
9.90	0.06	0.06
10.05	0.07	0.07
10.25	0.09	0.09
10.45	0.12	0.12
10.65	0.15	0.15
10.80	0.19	0.19
11.00	0.24	0.24
11.20	0.28	0.28
11.35	0.33	0.33
11.55	0.36	0.36
11.75	0.37	0.37
11.90	0.33	0.33
12.10	0.29	0.29
12.30	0.23	0.23
12.45	0.21	0.21
12.65	0.15	0.15
12.85	0.13	0.13
13.05	0.09	0.09
13.20	0.08	0.08
13.45	0.05	0.05
13.60	0.05	0.05
13.80	0.04	0.04
13.95	0.06	0.06
14.15	0.06	0.06
14.35	0.09	0.09
14.55	0.12	0.12
14.75	0.17	0.17
14.90	0.21	0.21
15.10	0.28	0.28
15.30	0.35	0.35
15.45	0.44	0.44
15.65	0.54	0.54
15.85	0.67	0.67
16.05	0.77	0.77
16.25	0.89	0.89
16.40	0.97	0.97
16.60	0.99	0.99
16.80	0.90	0.90
16.95	0.75	0.75
17.15	0.58	0.58
17.30	0.46	0.46
17.55	0.34	0.34
17.70	0.24	0.24
17.90	0.17	0.17
18.10	0.13	0.13
18.25	0.09	0.09
18.45	0.07	0.07
18.65	0.07	0.07
18.85	0.09	0.09
19.00	0.12	0.12
19.20	0.16	0.16
19.40	0.23	0.23
19.55	0.32	0.32
19.75	0.42	0.42
19.95	0.55	0.55
20.10	0.70	0.70
20.35	0.85	0.85
20.50	1.03	1.03
20.70	1.25	1.25
20.90	1.45	1.45
21.10	1.67	1.67
21.25	1.84	1.84
21.45	1.89	1.89
21.65	1.79	1.79
21.80	1.54	1.54
22.00	1.22	1.22
22.20	0.97	0.97
22.35	0.73	0.73
22.55	0.52	0.52
22.75	0.36	0.36
22.95	0.26	0.26
23.10	0.18	0.18
23.30	0.14	0.14
23.50	0.13	0.13
23.65	0.14	0.14
23.85	0.19	0.19
24.05	0.27	0.27
24.20	0.36	0.36
24.40	0.51	0.51
24.60	0.66	0.66
24.80	0.87	0.87
24.95	1.07	1.07
25.15	1.34	1.34
25.35	1.60	1.60
25.55	1.91	1.91
25.70	2.22	2.22
25.95	2.58	2.58
26.10	2.81	2.81
26.25	2.97	2.97
26.50	2.92	2.92
26.60	2.71	2.71
26.85	2.29	2.29
27.00	1.93	1.93
27.20	1.54	1.54
27.35	1.17	1.17
27.60	0.81	0.81
27.75	0.60	0.60
27.95	0.42	0.42
28.15	0.32	0.32
28.35	0.25	0.25
28.50	0.26	0.26
28.70	0.29	0.29
28.90	0.39	0.39
29.05	0.49	0.49
29.25	0.68	0.68
29.45	0.88	0.88
29.65	1.12	1.12
29.80	1.39	1.39
30.00	1.77	1.77
30.20	2.07	2.07
30.40	2.52	2.52
30.55	2.94	2.94
30.75	3.45	3.45
30.95	3.79	3.79
31.10	4.14	4.14
31.30	4.28	4.28
31.50	4.19	4.19
31.70	3.88	3.88
31.85	3.48	3.48
32.05	3.00	3.00
32.25	2.49	2.49
32.40	1.91	1.91
32.60	1.51	1.51
32.80	1.15	1.15
32.95	0.87	0.87
33.15	0.66	0.66
33.35	0.57	0.57
33.50	0.54	0.54
33.70	0.58	0.58
33.90	0.69	0.69
34.10	0.89	0.89
34.25	1.11	1.11
34.45	1.44	1.44
34.65	1.80	1.80
34.85	2.23	2.23
35.00	2.70	2.70
35.20	3.27	3.27
35.40	3.80	3.80
35.60	4.46	4.46
35.75	5.05	5.05
35.95	5.51	5.51
36.15	5.95	5.95
36.30	6.08	6.08
36.50	6.03	6.03
36.70	5.79	5.79
36.90	5.33	5.33
37.05	4.71	4.71
37.25	4.07	4.07
37.45	3.43	3.43
37.65	2.78	2.78
37.80	2.31	2.31
38.00	1.81	1.81
38.20	1.54	1.54
38.35	1.37	1.37
38.55	1.26	1.26
38.70	1.27	1.27
38.70	1.27	1.27
38.70	1.27	1.27
38.70	1.27	1.27
38.70	1.28	1.28
38.70	1.28	1.28
38.70	1.28	1.28
