&a / °	I1 / %
5.459	0.5
5.454	0.5
5.449	0.4
5.443	0.5
5.438	0.5
5.433	0.4
5.428	0.4
5.422	0.4
5.417	0.4
5.412	0.4
5.406	0.4
5.401	0.4
5.396	0.4
5.390	0.4
5.385	0.5
5.380	0.5
5.375	0.5
5.369	0.5
5.364	0.5
5.359	0.5
5.353	0.5
5.348	0.5
5.343	0.5
5.337	0.5
5.332	0.5
5.327	0.4
5.322	0.5
5.316	0.5
5.311	0.5
5.306	0.5
5.300	0.5
5.295	0.5
5.290	0.5
5.284	0.5
5.279	0.5
5.274	0.5
5.269	0.5
5.263	0.5
5.258	0.5
5.253	0.5
5.247	0.5
5.242	0.5
5.237	0.6
5.231	0.6
5.226	0.6
5.221	0.6
5.216	0.6
5.210	0.6
5.205	0.6
5.200	0.5
5.194	0.5
5.189	0.5
5.184	0.5
5.178	0.5
5.173	0.5
5.168	0.5
5.162	0.5
5.157	0.5
5.152	0.5
5.147	0.5
5.141	0.5
5.136	0.5
5.131	0.5
5.125	0.5
5.120	0.6
5.115	0.5
5.109	0.5
5.104	0.5
5.099	0.7
5.094	1.1
5.088	1.4
5.083	1.7
5.078	1.7
5.072	1.6
5.067	1.4
5.062	1.2
5.056	1.2
5.051	1.1
5.046	1.0
5.040	0.9
5.035	0.9
5.030	0.9
5.025	1.3
5.019	1.7
5.014	2.2
5.009	2.6
5.003	2.6
4.998	2.5
4.993	2.1
4.987	1.7
4.982	1.5
4.977	1.3
4.971	1.3
4.966	1.3
4.961	1.3
4.956	1.3
4.950	1.7
4.945	2.1
4.940	2.9
4.934	3.6
4.929	4.2
4.924	4.1
4.918	3.5
4.913	3.0
4.908	2.5
4.902	2.1
4.897	1.7
4.892	1.7
4.887	1.7
4.881	1.7
4.876	1.8
4.871	2.2
4.865	3.0
4.860	4.2
4.855	5.4
4.849	5.8
4.844	5.4
4.839	4.5
4.833	3.7
4.828	2.9
4.823	2.5
4.818	2.2
4.812	2.2
4.807	2.1
4.802	2.1
4.796	2.4
4.791	3.0
4.786	4.1
4.780	6.5
4.775	7.8
4.770	8.0
4.764	6.9
4.759	5.6
4.754	4.6
4.748	3.6
4.743	3.0
4.738	2.6
4.733	2.4
4.727	2.3
4.722	2.4
4.717	2.8
4.711	3.4
4.706	4.6
4.701	7.0
4.695	9.3
4.690	10.1
4.685	9.2
4.679	7.3
4.674	5.6
4.669	4.7
4.663	3.7
4.658	3.2
4.653	2.8
4.648	2.8
4.642	2.8
4.637	3.1
4.632	3.8
4.626	5.2
4.621	7.7
4.616	10.9
4.610	12.8
4.605	12.0
4.600	9.9
4.594	7.5
4.589	5.9
4.584	4.8
4.578	4.0
4.573	3.5
4.568	3.3
4.563	3.3
4.557	3.4
4.552	3.8
4.547	5.0
4.541	7.2
4.536	10.7
4.531	14.2
4.525	15.3
4.520	13.5
4.515	10.8
4.509	8.1
4.504	6.2
4.499	5.0
4.493	4.2
4.488	3.7
4.483	3.3
4.478	3.3
4.472	3.7
4.467	4.5
4.462	6.1
4.456	8.9
4.451	13.0
4.446	16.9
4.440	20.1
4.435	16.9
4.430	13.2
4.424	9.7
4.419	7.4
4.414	5.8
4.408	4.9
4.403	4.2
4.398	3.9
4.392	3.9
4.387	4.1
4.382	4.7
4.377	6.2
4.371	9.0
4.366	13.4
4.361	17.8
4.355	19.8
4.350	18.4
4.345	15.0
4.339	11.7
4.334	8.9
4.329	6.9
4.323	5.7
4.318	4.9
4.313	4.5
4.307	4.1
4.302	4.2
4.297	4.6
4.291	5.7
4.286	8.1
4.281	12.5
4.275	17.7
4.270	21.7
4.265	22.4
4.260	19.5
4.254	15.2
4.249	11.5
4.244	8.7
4.238	6.9
4.233	5.7
4.228	4.9
4.222	4.5
4.217	4.3
4.212	4.4
4.206	5.0
4.201	6.2
4.196	9.2
4.190	14.1
4.185	19.7
4.180	23.8
4.174	24.2
4.169	20.9
4.164	16.3
4.158	12.3
4.153	9.5
4.148	7.4
4.143	6.2
4.137	5.4
4.132	5.0
4.127	4.7
4.121	4.9
4.116	5.3
4.111	6.5
4.105	8.9
4.100	15.2
4.095	20.4
4.089	24.7
4.084	25.8
4.079	23.1
4.073	18.4
4.068	14.1
4.063	10.8
4.057	8.5
4.052	6.9
4.047	6.1
4.041	5.3
4.036	4.9
4.031	4.9
4.025	5.0
4.020	5.7
4.015	7.3
4.009	10.7
4.004	16.9
3.999	23.3
3.994	27.3
3.988	27.3
3.983	23.7
3.978	18.6
3.972	14.4
3.967	11.2
3.962	8.8
3.956	7.1
3.951	6.1
3.946	5.4
3.940	5.0
3.935	4.9
3.930	5.1
3.924	5.8
3.919	7.3
3.914	10.4
3.908	16.6
3.903	23.8
3.898	28.4
3.892	28.8
3.887	25.3
3.882	20.4
3.876	15.9
3.871	12.4
3.866	9.7
3.860	7.8
3.855	6.6
3.850	5.8
3.844	5.4
3.839	5.1
3.834	5.1
3.829	5.6
3.823	6.5
3.818	8.4
3.813	12.5
3.807	20.1
3.802	27.6
3.797	30.9
3.791	29.3
3.786	24.6
3.781	19.5
3.775	15.3
3.770	12.1
3.765	9.6
3.759	6.6
3.754	5.8
3.749	5.4
3.743	5.1
3.738	5.1
3.733	5.1
3.727	5.5
3.722	6.3
3.717	8.0
3.711	11.7
3.706	18.8
3.701	27.3
3.695	32.0
3.690	31.1
3.685	26.8
3.679	21.6
3.674	17.0
3.669	13.4
3.663	10.6
3.658	8.5
3.653	7.1
3.647	6.2
3.642	5.7
3.637	5.3
3.632	5.3
3.626	5.3
3.621	5.8
3.616	6.7
3.610	8.7
3.605	12.9
3.600	20.7
3.594	29.2
3.589	33.0
3.584	31.3
3.578	26.6
3.573	21.3
3.568	16.8
3.562	13.3
3.557	10.5
3.552	8.5
3.546	7.0
3.541	6.1
3.536	5.6
3.530	5.3
3.525	5.3
3.520	5.3
3.514	5.7
3.509	6.5
3.504	7.8
3.498	10.6
3.493	16.8
3.488	26.1
3.482	33.2
3.477	34.1
3.472	30.4
3.466	25.1
3.461	20.1
3.456	15.8
3.450	12.7
3.445	10.3
3.440	8.5
3.434	7.2
3.429	6.3
3.424	5.8
3.418	5.3
3.413	5.3
3.408	5.3
3.402	5.7
3.397	6.4
3.392	7.5
3.386	9.7
3.381	14.6
3.376	23.4
3.370	31.7
3.365	34.5
3.360	32.2
3.354	27.4
3.349	22.2
3.344	17.9
3.338	14.3
3.333	11.5
3.328	9.4
3.322	7.8
3.317	6.7
3.312	6.0
3.306	5.6
3.301	5.3
3.296	5.3
3.291	5.5
3.285	5.8
3.280	6.6
3.275	7.8
3.269	10.1
3.264	15.0
3.259	23.4
3.253	31.6
3.248	34.9
3.243	33.3
3.237	29.0
3.232	24.1
3.227	19.6
3.221	15.6
3.216	12.8
3.211	10.4
3.205	8.7
3.200	7.4
3.195	6.6
3.189	5.9
3.184	5.5
3.179	5.4
3.173	5.4
3.168	5.7
3.163	6.1
3.157	6.8
3.152	8.0
3.147	10.5
3.141	15.7
3.136	24.0
3.131	31.9
3.125	35.3
3.120	34.1
3.115	30.2
3.109	25.5
3.104	21.1
3.099	17.2
3.093	14.0
3.088	11.5
3.083	9.6
3.077	7.4
3.072	6.8
3.067	6.3
3.061	5.9
3.056	5.5
3.051	5.4
3.045	5.5
3.040	5.7
3.035	6.2
3.029	6.9
3.024	8.3
3.019	10.7
3.013	15.8
3.008	23.8
3.003	31.3
2.997	35.1
2.992	35.0
2.987	32.0
2.981	27.7
2.976	23.3
2.971	19.3
2.965	15.7
2.960	12.9
2.955	10.8
2.949	9.1
2.944	7.9
2.939	7.1
2.933	6.5
2.928	6.0
2.923	5.6
2.917	5.6
2.912	5.6
2.907	5.9
2.901	6.3
2.896	7.1
2.891	8.3
2.885	10.5
2.880	14.9
2.875	21.8
2.869	29.0
2.864	33.7
2.859	34.9
2.853	33.3
2.848	29.9
2.843	25.9
2.837	21.9
2.832	18.3
2.827	15.1
2.821	12.7
2.816	10.6
2.811	9.1
2.805	7.9
2.800	7.1
2.795	6.6
2.789	6.1
2.784	5.8
2.779	5.6
2.773	5.7
2.768	5.9
2.763	6.2
2.757	6.7
2.752	7.8
2.747	9.4
2.741	12.4
2.736	19.4
2.731	25.1
2.725	30.4
2.720	33.4
2.715	34.4
2.709	33.1
2.704	30.3
2.699	26.7
2.693	22.9
2.688	19.2
2.683	15.9
2.677	13.2
2.672	11.2
2.667	9.6
2.661	8.4
2.656	7.5
2.651	6.8
2.645	6.3
2.640	6.1
2.635	5.7
2.629	5.6
2.624	5.7
2.619	5.9
2.613	6.2
2.608	6.7
2.602	7.6
2.597	9.2
2.592	12.0
2.586	16.7
2.581	22.8
2.576	28.8
2.570	32.8
2.565	34.7
2.560	34.5
2.554	32.5
2.549	29.4
2.544	25.9
2.538	22.2
2.533	18.9
2.528	15.9
2.522	13.6
2.517	11.6
2.512	10.0
2.506	8.8
2.501	8.0
2.496	7.2
2.490	6.8
2.485	6.4
2.480	6.1
2.474	5.9
2.469	5.9
2.464	5.9
2.458	6.1
2.453	6.4
2.448	7.0
2.442	8.0
2.437	9.5
2.432	12.1
2.426	16.3
2.421	21.9
2.416	27.4
2.410	31.7
2.405	34.1
2.400	34.7
2.394	34.2
2.389	31.8
2.384	28.8
2.378	25.4
2.373	22.1
2.368	18.9
2.362	16.2
2.357	13.8
2.352	12.1
2.346	10.5
2.341	9.3
2.336	8.2
2.330	7.5
2.325	7.0
2.320	6.6
2.314	6.2
2.309	6.1
2.304	5.9
2.298	5.7
2.293	5.7
2.288	5.9
2.282	6.2
2.277	6.7
2.272	7.5
2.266	8.9
2.261	10.9
2.256	14.1
2.250	18.6
2.245	23.9
2.240	28.8
2.234	32.3
2.229	33.8
2.223	33.8
2.218	32.9
2.213	31.3
2.207	28.9
2.202	26.1
2.197	22.7
2.191	19.4
2.186	16.4
2.181	14.0
2.175	12.2
2.170	10.7
2.165	9.7
2.159	8.7
2.154	7.9
2.149	7.4
2.143	7.0
2.138	6.6
2.133	6.2
2.127	6.1
2.122	6.1
2.117	6.0
2.111	6.0
2.106	6.0
2.101	6.1
2.095	6.3
2.090	6.7
2.085	7.5
2.079	8.5
2.074	10.1
2.069	12.6
2.063	16.2
2.058	20.7
2.053	27.9
2.047	30.9
2.042	33.4
2.037	34.7
2.031	35.2
2.026	34.6
2.021	33.0
2.015	31.0
2.010	28.2
2.005	25.3
1.999	22.4
1.994	19.6
1.989	17.2
1.983	15.0
1.978	13.3
1.972	11.7
1.967	10.5
1.962	9.4
1.956	8.5
1.951	7.8
1.946	7.4
1.940	7.0
1.935	6.6
1.930	6.3
1.924	6.2
1.919	6.1
1.914	6.1
1.908	6.0
1.903	6.0
1.898	6.0
1.892	6.1
1.887	6.3
1.882	6.7
1.876	7.3
1.871	8.2
1.866	9.6
1.860	11.5
1.855	14.3
1.850	18.0
1.844	22.1
1.839	26.5
1.834	30.5
1.828	33.3
1.823	35.0
1.818	35.7
1.812	35.4
1.807	34.3
1.802	32.6
1.796	30.5
1.791	27.9
1.786	25.2
1.780	22.5
1.775	20.0
1.769	17.7
1.764	15.7
1.759	13.8
1.753	12.4
1.748	11.1
1.743	10.1
1.737	9.3
1.732	8.5
1.727	7.9
1.721	7.5
1.716	7.1
1.711	6.9
1.705	6.5
1.700	6.4
1.695	6.2
1.689	6.1
1.684	6.1
1.679	6.1
1.673	6.1
1.668	6.1
1.663	6.1
1.657	6.2
1.652	6.3
1.647	6.7
1.641	7.1
1.636	7.8
1.631	8.7
1.625	9.9
1.620	11.6
1.615	14.1
1.609	17.2
1.604	20.9
1.599	24.9
1.593	28.5
1.588	31.7
1.582	33.8
1.577	34.7
1.572	34.9
1.566	34.7
1.561	34.5
1.556	33.7
1.550	32.3
1.545	30.5
1.540	28.2
1.534	25.7
1.529	23.2
1.524	20.7
1.518	18.6
1.513	16.7
1.508	15.0
1.502	13.4
1.497	12.2
1.492	11.1
1.486	10.3
1.481	9.5
1.476	8.9
1.470	8.5
1.465	8.0
1.460	7.7
1.454	7.3
1.449	7.0
1.444	6.9
1.438	6.6
1.433	6.6
1.428	6.4
1.422	6.3
1.417	6.3
1.411	6.2
1.406	6.2
1.401	6.2
1.395	6.2
1.390	6.2
1.385	6.2
1.379	6.3
1.374	6.3
1.369	6.8
1.363	7.0
1.358	7.3
1.353	7.8
1.347	8.5
1.342	9.3
1.337	10.5
1.331	11.8
1.326	13.7
1.321	16.0
1.315	19.0
1.310	22.6
1.305	26.3
1.299	30.0
1.294	33.2
1.289	35.8
1.283	37.7
1.278	38.9
1.273	39.3
1.267	39.1
1.262	38.5
1.256	37.3
1.251	35.7
1.246	33.8
1.240	31.7
1.235	29.4
1.230	27.0
1.224	24.7
1.219	22.4
1.214	20.3
1.208	18.6
1.203	16.8
1.198	15.3
1.192	13.9
1.187	12.8
1.182	11.8
1.176	11.0
1.171	10.2
1.166	9.5
1.160	9.0
1.155	8.6
1.150	8.1
1.144	7.8
1.139	7.4
1.134	7.1
1.128	6.9
1.123	6.7
1.118	6.4
1.112	6.4
1.107	6.3
1.101	6.3
1.096	6.2
1.091	6.2
1.085	6.1
1.080	6.1
1.075	6.1
1.069	6.1
1.064	6.1
1.059	6.1
1.053	6.1
1.048	6.2
1.043	6.2
1.037	6.2
1.032	6.3
1.027	6.6
1.021	6.6
1.016	6.6
1.011	6.6
1.005	6.9
1.000	7.0
0.995	7.3
0.989	7.6
0.984	7.9
0.979	8.3
0.973	8.7
0.968	9.2
0.962	9.8
0.957	10.6
0.952	11.6
0.946	12.7
0.941	14.2
0.936	15.9
0.930	17.9
0.925	20.2
0.920	22.6
0.914	25.4
0.909	28.2
0.904	31.1
0.898	33.9
0.893	36.3
0.888	38.5
0.882	40.1
0.877	41.3
0.872	42.1
0.866	42.5
0.861	42.6
0.856	42.3
0.850	41.4
0.845	40.2
0.840	38.6
0.834	37.2
0.829	35.6
0.823	34.0
0.818	32.4
0.813	30.8
0.807	29.1
0.802	27.3
0.797	25.6
0.791	23.9
0.786	22.3
0.781	20.8
0.775	19.4
0.770	18.2
0.765	17.1
0.759	16.1
0.754	15.0
0.749	14.1
0.743	13.2
0.738	12.4
0.733	11.8
0.727	11.3
0.722	10.9
0.717	10.5
0.711	10.1
0.706	9.7
0.701	9.4
0.695	9.0
0.690	8.7
0.684	8.4
0.679	8.0
0.674	7.8
0.668	7.6
0.663	7.4
0.658	7.1
0.652	7.1
0.647	6.9
0.642	6.9
0.636	6.6
0.631	6.6
0.626	6.3
0.620	6.2
0.615	6.1
0.610	6.1
0.604	6.1
0.599	6.0
0.594	5.9
0.588	5.7
0.583	5.6
0.578	5.5
0.572	5.5
0.567	5.5
0.561	5.5
0.556	5.5
0.551	5.5
0.545	5.5
0.540	5.5
0.535	5.4
0.529	5.4
0.524	5.4
0.519	5.4
0.513	5.4
0.508	5.4
0.503	5.4
0.497	5.4
0.492	5.4
0.487	5.3
0.481	5.3
0.476	5.3
0.471	5.3
0.465	5.3
0.460	5.3
0.455	5.3
0.449	5.3
0.444	5.3
0.438	5.3
0.433	5.3
0.428	5.3
0.422	5.3
0.417	5.3
0.412	5.3
0.406	5.3
0.401	5.3
0.396	5.3
0.390	5.3
0.385	5.3
0.380	5.4
0.374	5.4
0.369	5.4
0.364	5.4
0.358	5.4
0.353	5.5
0.348	5.6
0.342	5.8
0.337	5.8
0.332	5.8
0.326	5.8
0.321	5.8
0.316	5.8
0.310	5.9
0.305	5.9
0.299	6.0
0.294	6.0
0.289	6.1
0.283	6.1
0.278	6.1
0.273	6.1
0.267	6.2
0.262	6.2
0.257	6.2
0.251	6.2
0.246	6.3
0.241	6.3
0.235	6.3
0.230	6.3
0.225	6.4
0.219	6.4
0.214	6.5
0.209	6.5
0.203	6.6
0.198	6.6
0.193	6.6
0.187	6.7
0.182	6.7
0.176	6.7
0.171	6.8
0.166	6.8
0.160	6.9
0.155	6.9
0.150	7.0
0.144	7.0
0.139	7.0
0.134	7.0
0.128	7.0
0.123	7.0
0.118	7.1
0.112	7.1
0.107	7.1
0.102	7.1
0.096	7.1
0.091	7.1
0.086	7.1
0.080	7.1
0.075	7.1
0.070	7.1
0.064	7.1
0.059	7.1
0.053	7.1
0.048	7.1
0.043	7.1
0.037	7.1
0.032	7.1
0.027	7.1
0.021	7.1
0.016	7.1
0.011	7.1
0.005	7.0
0.000	6.9
-0.005	6.6
-0.011	6.5
-0.016	6.5
-0.021	6.5
-0.027	6.5
-0.032	6.5
-0.037	6.5
-0.043	6.5
-0.048	6.5
-0.053	6.5
-0.059	6.3
-0.064	6.3
-0.070	6.2
-0.075	6.2
-0.080	6.2
-0.086	6.2
-0.091	6.2
-0.096	6.1
-0.102	6.1
-0.107	6.1
-0.112	6.1
-0.118	6.1
-0.123	6.1
-0.128	6.1
-0.134	6.1
-0.139	6.1
-0.144	6.1
-0.150	6.0
-0.155	5.9
-0.160	5.8
-0.166	5.7
-0.171	5.7
-0.176	5.6
-0.182	5.5
-0.187	5.5
-0.193	5.5
-0.198	5.5
-0.203	5.5
-0.209	5.5
-0.214	5.5
-0.219	5.4
-0.225	5.4
-0.230	5.4
-0.235	5.4
-0.241	5.4
-0.246	5.4
-0.251	5.4
-0.257	5.4
-0.262	5.4
-0.267	5.3
-0.273	5.3
-0.278	5.3
-0.283	5.3
-0.289	5.3
-0.294	5.3
-0.299	5.3
-0.305	5.3
-0.310	5.3
-0.316	5.2
-0.321	5.2
-0.326	5.2
-0.332	5.2
-0.337	5.2
-0.342	5.4
-0.348	5.4
-0.353	5.4
-0.358	5.4
-0.364	5.4
-0.369	5.4
-0.374	5.4
-0.380	5.5
-0.385	5.5
-0.390	5.5
-0.396	5.6
-0.401	5.7
-0.406	5.7
-0.412	5.8
-0.417	5.9
-0.422	6.0
-0.428	6.1
-0.433	6.2
-0.438	6.3
-0.444	6.3
-0.449	6.4
-0.455	6.6
-0.460	6.7
-0.465	6.8
-0.471	7.0
-0.476	7.1
-0.481	7.2
-0.487	7.3
-0.492	7.7
-0.497	7.9
-0.503	8.0
-0.508	8.2
-0.513	8.5
-0.519	8.7
-0.524	9.0
-0.529	9.4
-0.535	9.8
-0.540	10.1
-0.545	10.5
-0.551	10.9
-0.556	11.3
-0.561	11.7
-0.567	12.3
-0.572	12.9
-0.578	13.7
-0.583	14.5
-0.588	15.3
-0.594	16.3
-0.599	17.3
-0.604	18.6
-0.610	20.0
-0.615	21.4
-0.620	23.0
-0.626	24.6
-0.631	26.4
-0.636	28.3
-0.642	30.3
-0.647	32.5
-0.652	34.9
-0.658	37.3
-0.663	39.7
-0.668	42.1
-0.674	44.5
-0.679	46.5
-0.684	49.0
-0.690	49.1
-0.695	48.9
-0.701	47.7
-0.706	45.9
-0.711	43.4
-0.717	40.2
-0.722	36.5
-0.727	32.6
-0.733	28.7
-0.738	25.1
-0.743	21.8
-0.749	19.1
-0.754	16.8
-0.759	14.9
-0.765	13.3
-0.770	12.0
-0.775	10.9
-0.781	10.0
-0.786	9.2
-0.791	8.6
-0.797	8.0
-0.802	7.6
-0.807	7.2
-0.813	7.0
-0.818	6.6
-0.823	6.4
-0.829	6.2
-0.834	6.2
-0.840	6.1
-0.845	6.1
-0.850	5.9
-0.856	5.8
-0.861	5.6
-0.866	5.6
-0.872	5.5
-0.877	5.5
-0.882	5.5
-0.888	5.5
-0.893	5.5
-0.898	5.5
-0.904	5.5
-0.909	5.7
-0.914	5.7
-0.920	5.8
-0.925	5.8
-0.930	5.8
-0.936	5.7
-0.941	5.7
-0.946	5.7
-0.952	6.0
-0.957	6.2
-0.962	6.6
-0.968	6.9
-0.973	7.2
-0.979	7.5
-0.984	7.9
-0.989	8.3
-0.995	8.7
-1.000	9.3
-1.005	9.8
-1.011	10.5
-1.016	11.4
-1.021	12.4
-1.027	14.3
-1.032	15.3
-1.037	16.6
-1.043	18.2
-1.048	20.0
-1.053	22.0
-1.059	24.3
-1.064	27.0
-1.069	30.2
-1.075	33.5
-1.080	36.9
-1.085	40.1
-1.091	42.9
-1.096	44.6
-1.101	45.0
-1.107	43.7
-1.112	40.9
-1.118	36.9
-1.123	32.1
-1.128	27.3
-1.134	22.8
-1.139	19.0
-1.144	15.9
-1.150	13.6
-1.155	11.8
-1.160	10.3
-1.166	9.3
-1.171	8.4
-1.176	7.7
-1.182	7.2
-1.187	6.8
-1.192	6.5
-1.198	6.2
-1.203	6.1
-1.208	6.0
-1.214	5.9
-1.219	5.8
-1.224	5.6
-1.230	5.6
-1.235	5.5
-1.240	5.5
-1.246	5.5
-1.251	5.7
-1.256	5.7
-1.262	5.9
-1.267	5.9
-1.273	6.1
-1.278	6.1
-1.283	6.3
-1.289	6.5
-1.294	6.9
-1.299	7.2
-1.305	7.7
-1.310	8.2
-1.315	8.8
-1.321	9.6
-1.326	10.5
-1.331	11.6
-1.337	12.8
-1.342	14.4
-1.347	16.1
-1.353	17.9
-1.358	19.9
-1.363	22.2
-1.369	26.3
-1.374	28.9
-1.379	32.2
-1.385	35.6
-1.390	39.0
-1.395	41.3
-1.401	41.4
-1.406	38.6
-1.411	34.1
-1.417	28.6
-1.422	23.4
-1.428	19.0
-1.433	15.4
-1.438	12.7
-1.444	10.7
-1.449	9.3
-1.454	8.3
-1.460	7.5
-1.465	7.0
-1.470	6.6
-1.476	6.2
-1.481	5.9
-1.486	5.6
-1.492	5.5
-1.497	5.5
-1.502	5.4
-1.508	5.4
-1.513	5.5
-1.518	5.5
-1.524	5.5
-1.529	5.6
-1.534	5.7
-1.540	5.9
-1.545	6.1
-1.550	6.3
-1.556	6.6
-1.561	7.0
-1.566	7.6
-1.572	8.3
-1.577	9.1
-1.582	10.1
-1.588	11.3
-1.593	12.8
-1.599	14.5
-1.604	16.3
-1.609	18.7
-1.615	21.5
-1.620	24.9
-1.625	28.6
-1.631	32.8
-1.636	36.7
-1.641	39.3
-1.647	40.1
-1.652	38.3
-1.657	33.9
-1.663	28.2
-1.668	22.5
-1.673	17.8
-1.679	14.2
-1.684	11.8
-1.689	9.9
-1.695	8.5
-1.700	7.6
-1.705	7.0
-1.711	6.2
-1.716	5.9
-1.721	5.6
-1.727	5.4
-1.732	5.4
-1.737	5.4
-1.743	5.4
-1.748	5.4
-1.753	5.4
-1.759	5.4
-1.764	5.7
-1.769	5.8
-1.775	6.2
-1.780	6.4
-1.786	6.9
-1.791	7.4
-1.796	8.2
-1.802	9.2
-1.807	10.4
-1.812	11.7
-1.818	13.5
-1.823	15.7
-1.828	18.1
-1.834	21.2
-1.839	24.9
-1.844	29.3
-1.850	33.7
-1.855	37.2
-1.860	38.5
-1.866	37.0
-1.871	32.6
-1.876	26.6
-1.882	21.0
-1.887	16.2
-1.892	12.9
-1.898	10.6
-1.903	8.9
-1.908	7.7
-1.914	6.9
-1.919	6.3
-1.924	5.8
-1.930	5.5
-1.935	5.4
-1.940	5.4
-1.946	5.4
-1.951	5.3
-1.956	5.3
-1.962	5.3
-1.967	5.6
-1.972	5.8
-1.978	6.2
-1.983	6.6
-1.989	7.3
-1.994	8.0
-1.999	9.0
-2.005	10.2
-2.010	11.6
-2.015	13.4
-2.021	15.8
-2.026	18.5
-2.031	21.9
-2.037	26.2
-2.042	30.9
-2.047	34.9
-2.053	39.1
-2.058	36.8
-2.063	31.7
-2.069	25.2
-2.074	19.4
-2.079	14.9
-2.085	11.7
-2.090	9.4
-2.095	7.9
-2.101	6.8
-2.106	6.1
-2.111	5.7
-2.117	5.4
-2.122	5.1
-2.127	5.1
-2.133	5.0
-2.138	5.0
-2.143	5.0
-2.149	5.1
-2.154	5.3
-2.159	5.7
-2.165	6.2
-2.170	6.9
-2.175	7.7
-2.181	8.9
-2.186	10.1
-2.191	11.7
-2.197	13.7
-2.202	16.3
-2.207	19.6
-2.213	23.9
-2.218	28.5
-2.223	32.9
-2.229	35.2
-2.234	34.0
-2.240	29.1
-2.245	22.9
-2.250	17.3
-2.256	13.3
-2.261	10.3
-2.266	8.3
-2.272	7.0
-2.277	6.2
-2.282	5.7
-2.288	5.3
-2.293	5.0
-2.298	5.0
-2.304	4.9
-2.309	5.0
-2.314	5.0
-2.320	5.3
-2.325	5.7
-2.330	6.1
-2.336	6.6
-2.341	7.3
-2.346	8.2
-2.352	9.5
-2.357	11.0
-2.362	13.0
-2.368	15.5
-2.373	19.1
-2.378	23.6
-2.384	28.4
-2.389	32.3
-2.394	35.4
-2.400	31.2
-2.405	24.9
-2.410	18.8
-2.416	14.1
-2.421	10.7
-2.426	8.6
-2.432	7.0
-2.437	6.2
-2.442	5.6
-2.448	5.2
-2.453	4.8
-2.458	4.8
-2.464	4.8
-2.469	4.9
-2.474	5.0
-2.480	5.2
-2.485	5.6
-2.490	6.1
-2.496	6.8
-2.501	7.7
-2.506	8.9
-2.512	10.3
-2.517	12.2
-2.522	14.7
-2.528	18.0
-2.533	22.1
-2.538	26.4
-2.544	29.2
-2.549	28.8
-2.554	25.0
-2.560	19.5
-2.565	14.8
-2.570	11.1
-2.576	8.7
-2.581	7.0
-2.586	6.1
-2.592	5.4
-2.597	5.0
-2.602	4.7
-2.608	4.6
-2.613	4.6
-2.619	4.7
-2.624	4.9
-2.629	5.1
-2.635	5.5
-2.640	6.1
-2.645	6.9
-2.651	7.8
-2.656	9.0
-2.661	10.7
-2.667	13.0
-2.672	16.1
-2.677	19.9
-2.683	23.9
-2.688	26.5
-2.693	25.8
-2.699	21.8
-2.704	16.8
-2.709	12.7
-2.715	9.5
-2.720	7.4
-2.725	6.2
-2.731	5.4
-2.736	4.5
-2.741	4.2
-2.747	4.2
-2.752	4.2
-2.757	4.2
-2.763	4.3
-2.768	4.6
-2.773	4.9
-2.779	5.4
-2.784	5.9
-2.789	6.8
-2.795	8.0
-2.800	9.7
-2.805	11.7
-2.811	14.5
-2.816	17.8
-2.821	20.8
-2.827	22.0
-2.832	20.0
-2.837	16.1
-2.843	12.3
-2.848	9.3
-2.853	7.3
-2.859	5.8
-2.864	5.0
-2.869	4.3
-2.875	4.0
-2.880	3.8
-2.885	3.8
-2.891	3.8
-2.896	3.8
-2.901	3.9
-2.907	4.3
-2.912	4.7
-2.917	5.3
-2.923	6.1
-2.928	7.3
-2.933	8.6
-2.939	10.6
-2.944	13.0
-2.949	15.4
-2.955	17.0
-2.960	16.5
-2.965	13.9
-2.971	10.8
-2.976	8.0
-2.981	6.4
-2.987	5.2
-2.992	4.4
-2.997	3.9
-3.003	3.5
-3.008	3.3
-3.013	3.4
-3.019	3.4
-3.024	3.4
-3.029	3.5
-3.035	3.8
-3.040	4.2
-3.045	4.6
-3.051	5.3
-3.056	6.1
-3.061	7.4
-3.067	9.1
-3.072	11.1
-3.077	14.0
-3.083	13.4
-3.088	11.4
-3.093	9.0
-3.099	7.0
-3.104	5.4
-3.109	4.4
-3.115	3.8
-3.120	3.4
-3.125	3.0
-3.131	2.9
-3.136	2.9
-3.141	2.9
-3.147	2.9
-3.152	3.0
-3.157	3.0
-3.163	3.4
-3.168	3.8
-3.173	4.5
-3.179	5.3
-3.184	6.2
-3.189	7.4
-3.195	8.6
-3.200	9.0
-3.205	8.2
-3.211	6.7
-3.216	5.4
-3.221	4.5
-3.227	3.8
-3.232	3.2
-3.237	2.8
-3.243	2.5
-3.248	2.5
-3.253	2.4
-3.259	2.4
-3.264	2.4
-3.269	2.5
-3.275	2.5
-3.280	2.9
-3.285	3.2
-3.291	3.6
-3.296	4.0
-3.301	4.7
-3.306	5.3
-3.312	5.7
-3.317	5.4
-3.322	4.9
-3.328	4.2
-3.333	3.6
-3.338	3.1
-3.344	2.7
-3.349	2.3
-3.354	2.2
-3.360	2.2
-3.365	2.2
-3.370	2.1
-3.376	2.1
-3.381	2.1
-3.386	2.1
-3.392	2.2
-3.397	2.3
-3.402	2.5
-3.408	2.8
-3.413	3.0
-3.418	3.4
-3.424	3.3
-3.429	3.1
-3.434	2.7
-3.440	2.5
-3.445	2.3
-3.450	2.2
-3.456	2.0
-3.461	1.8
-3.466	1.6
-3.472	1.6
-3.477	1.5
-3.482	1.6
-3.488	1.6
-3.493	1.6
-3.498	1.6
-3.504	1.6
-3.509	1.6
-3.514	1.8
-3.520	1.8
-3.525	1.8
-3.530	1.8
-3.536	1.8
-3.541	1.7
-3.546	1.7
-3.552	1.7
-3.557	1.7
-3.562	1.5
-3.568	1.5
-3.573	1.4
-3.578	1.4
-3.584	1.4
-3.589	1.4
-3.594	1.4
-3.600	1.4
-3.605	1.4
-3.610	1.4
-3.616	1.4
-3.621	1.4
-3.626	1.4
-3.632	1.4
-3.637	1.4
-3.642	1.4
-3.647	1.4
-3.653	1.4
-3.658	1.4
-3.663	1.4
-3.669	1.3
-3.674	1.3
-3.679	1.3
-3.685	1.3
-3.690	1.3
-3.695	1.3
-3.701	1.3
-3.706	1.3
-3.711	1.3
-3.717	1.4
-3.722	1.3
-3.727	1.3
-3.733	1.4
-3.738	1.4
-3.743	1.3
-3.749	1.3
-3.754	1.3
-3.759	1.4
-3.765	1.3
-3.770	1.3
-3.775	1.2
-3.781	1.2
-3.786	1.2
-3.791	1.2
-3.797	1.2
-3.802	1.2
-3.807	1.2
-3.813	1.2
-3.818	1.1
-3.823	1.2
-3.829	1.1
-3.834	1.2
-3.839	1.2
-3.844	1.2
-3.850	1.2
-3.855	1.2
-3.860	1.1
-3.866	1.1
-3.871	1.1
-3.876	1.1
-3.882	1.1
-3.887	1.1
-3.892	1.1
-3.898	1.1
-3.903	1.1
-3.908	1.1
-3.914	1.1
-3.919	1.1
-3.924	1.1
-3.930	1.1
-3.935	1.1
-3.940	1.1
-3.946	1.1
-3.951	1.1
-3.956	1.1
-3.962	1.1
-3.967	1.1
-3.972	1.0
-3.978	1.0
-3.983	1.0
-3.988	1.0
-3.994	1.0
-3.999	1.0
-4.004	1.0
-4.009	1.0
-4.015	1.0
-4.020	1.0
-4.025	1.0
-4.031	1.0
-4.036	1.0
-4.041	1.0
-4.047	1.0
-4.052	1.0
-4.057	1.0
-4.063	1.0
-4.068	1.0
-4.073	1.0
-4.079	1.0
-4.084	1.0
-4.089	1.0
-4.095	1.0
-4.100	1.0
-4.105	1.0
-4.111	1.0
-4.116	0.9
-4.121	0.9
-4.127	0.9
-4.132	0.9
-4.137	0.9
-4.143	0.9
-4.148	0.9
-4.153	0.9
-4.158	0.9
-4.164	0.9
-4.169	0.9
-4.174	0.9
-4.180	0.9
-4.185	0.9
-4.190	0.9
-4.196	0.9
-4.201	0.8
-4.206	0.8
-4.212	0.8
-4.217	0.8
-4.222	0.8
-4.228	0.8
-4.233	0.8
-4.238	0.8
-4.244	0.8
-4.249	0.8
-4.254	0.8
-4.260	0.8
-4.265	0.8
-4.270	0.8
-4.275	0.7
-4.281	0.7
-4.286	0.7
-4.291	0.7
-4.297	0.7
-4.302	0.7
-4.307	0.7
-4.313	0.7
-4.318	0.7
-4.323	0.7
-4.329	0.7
-4.334	0.7
-4.339	0.7
-4.345	0.7
-4.350	0.7
-4.355	0.7
-4.361	0.7
-4.366	0.7
-4.371	0.7
-4.377	0.7
-4.382	0.7
-4.387	0.7
-4.392	0.7
-4.398	0.7
-4.403	0.7
-4.408	0.7
-4.414	0.7
-4.419	0.7
-4.424	0.6
-4.430	0.6
-4.435	0.6
-4.440	0.9
-4.446	0.8
-4.451	0.8
-4.456	0.8
-4.462	0.8
-4.467	0.8
-4.472	0.8
-4.478	0.8
-4.483	0.8
-4.488	0.8
-4.493	0.8
-4.499	0.7
-4.504	0.7
-4.509	0.7
-4.515	0.7
-4.520	0.7
-4.525	0.7
-4.531	0.7
-4.536	0.7
-4.541	0.6
-4.547	0.6
-4.552	0.6
-4.557	0.6
-4.563	0.6
-4.568	0.6
-4.573	0.6
-4.578	0.6
-4.584	0.6
-4.589	0.6
-4.594	0.6
-4.600	0.6
-4.605	0.6
-4.610	0.6
-4.616	0.6
-4.621	0.6
-4.626	0.6
-4.632	0.6
-4.637	0.6
-4.642	0.6
-4.648	0.6
-4.653	0.6
-4.658	0.6
-4.663	0.6
-4.669	0.6
-4.674	0.6
-4.679	0.6
-4.685	0.6
-4.690	0.6
-4.695	0.6
-4.701	0.6
-4.706	0.6
-4.711	0.6
-4.717	0.6
-4.722	0.6
-4.727	0.6
-4.733	0.6
-4.738	0.6
-4.743	0.6
-4.748	0.6
-4.754	0.6
-4.759	0.6
-4.764	0.6
-4.770	0.6
-4.775	0.6
-4.780	0.9
-4.786	0.8
-4.791	0.8
-4.796	0.7
-4.802	0.7
-4.807	0.6
-4.812	0.6
-4.818	0.6
-4.823	0.6
-4.828	0.6
-4.833	0.6
-4.839	0.6
-4.844	0.6
-4.849	0.6
-4.855	0.6
-4.860	0.6
-4.865	0.6
-4.871	0.6
-4.876	0.6
-4.881	0.6
-4.887	0.6
-4.892	0.6
-4.897	0.6
-4.902	0.6
-4.908	0.6
-4.913	0.6
-4.918	0.6
-4.924	0.6
-4.929	0.6
-4.934	0.6
-4.940	0.6
-4.945	0.6
-4.950	0.5
-4.956	0.5
-4.961	0.5
-4.966	0.5
-4.971	0.5
-4.977	0.5
-4.982	0.5
-4.987	0.5
-4.993	0.5
-4.998	0.5
-5.003	0.5
-5.009	0.5
-5.014	0.5
-5.019	0.5
-5.025	0.5
-5.030	0.5
-5.035	0.5
-5.040	0.5
-5.046	0.5
-5.051	0.5
-5.056	0.5
-5.062	0.5
-5.067	0.5
-5.072	0.5
-5.078	0.5
-5.083	0.5
-5.088	0.5
-5.094	0.5
-5.099	0.5
-5.104	0.5
-5.109	0.5
-5.115	0.5
-5.120	0.8
-5.125	0.7
-5.131	0.7
-5.136	0.6
-5.141	0.6
-5.147	0.6
-5.152	0.6
-5.157	0.6
-5.162	0.6
-5.168	0.5
-5.173	0.5
-5.178	0.5
-5.184	0.5
-5.189	0.5
-5.194	0.5
-5.200	0.5
-5.205	0.5
-5.210	0.5
-5.216	0.5
-5.221	0.5
-5.226	0.5
-5.231	0.5
-5.237	0.5
-5.242	0.5
-5.247	0.5
-5.253	0.5
-5.258	0.5
-5.263	0.5
-5.269	0.5
-5.274	0.5
-5.279	0.5
-5.284	0.5
-5.290	0.5
-5.295	0.5
-5.300	0.5
-5.306	0.5
-5.311	0.5
-5.316	0.5
-5.322	0.5
-5.327	0.5
-5.332	0.5
-5.337	0.5
-5.343	0.5
-5.348	0.5
-5.353	0.5
-5.359	0.5
-5.364	0.5
-5.369	0.5
-5.375	0.5
-5.380	0.5
-5.385	0.5
-5.390	0.5
-5.396	0.5
-5.401	0.5
-5.406	0.5
-5.412	0.5
-5.417	0.5
-5.422	0.5
-5.428	0.5
-5.433	0.5
-5.438	0.5
-5.443	0.5
-5.449	0.5
-5.454	0.5
