&a / °	I1 / %
5.459	7.7
5.454	7.7
5.449	7.7
5.443	7.7
5.438	7.7
5.433	7.7
5.428	7.7
5.422	7.7
5.417	7.7
5.412	7.7
5.406	7.7
5.401	7.7
5.396	7.7
5.390	7.7
5.385	7.8
5.380	7.8
5.375	7.8
5.369	7.8
5.364	7.9
5.359	7.9
5.353	8.0
5.348	8.0
5.343	8.0
5.337	8.0
5.332	8.0
5.327	8.0
5.322	8.0
5.316	8.0
5.311	8.0
5.306	8.1
5.300	8.1
5.295	8.1
5.290	8.1
5.284	8.1
5.279	8.1
5.274	8.1
5.269	8.1
5.263	8.1
5.258	8.1
5.253	8.1
5.247	8.1
5.242	8.1
5.237	8.1
5.231	8.1
5.226	8.1
5.221	8.1
5.216	8.1
5.210	8.1
5.205	8.1
5.200	8.1
5.194	8.1
5.189	8.0
5.184	8.0
5.178	8.0
5.173	8.0
5.168	8.0
5.162	8.0
5.157	8.0
5.152	8.0
5.147	8.0
5.141	8.0
5.136	8.1
5.131	8.1
5.125	8.1
5.120	8.3
5.115	8.1
5.109	8.1
5.104	8.3
5.099	8.7
5.094	9.1
5.088	9.4
5.083	9.6
5.078	9.7
5.072	9.7
5.067	9.7
5.062	9.7
5.056	9.7
5.051	9.6
5.046	9.6
5.040	9.3
5.035	9.3
5.030	9.3
5.025	9.7
5.019	9.7
5.014	10.1
5.009	10.5
5.003	10.9
4.998	10.9
4.993	10.9
4.987	10.9
4.982	10.9
4.977	10.5
4.971	10.1
4.966	9.8
4.961	9.7
4.956	9.8
4.950	10.3
4.945	10.7
4.940	11.3
4.934	12.0
4.929	12.6
4.924	13.0
4.918	13.2
4.913	13.2
4.908	13.2
4.902	12.8
4.897	12.0
4.892	11.4
4.887	11.0
4.881	11.0
4.876	11.3
4.871	11.9
4.865	12.7
4.860	13.5
4.855	14.4
4.849	15.2
4.844	15.5
4.839	15.5
4.833	15.3
4.828	15.2
4.823	14.6
4.818	13.5
4.812	12.7
4.807	12.2
4.802	12.2
4.796	12.7
4.791	13.7
4.786	14.8
4.780	16.5
4.775	16.9
4.770	17.9
4.764	18.3
4.759	18.1
4.754	17.8
4.748	17.6
4.743	16.7
4.738	15.3
4.733	14.0
4.727	13.2
4.722	13.2
4.717	13.9
4.711	15.2
4.706	16.6
4.701	17.7
4.695	19.1
4.690	20.8
4.685	21.7
4.679	21.3
4.674	20.9
4.669	20.5
4.663	19.2
4.658	17.6
4.653	15.9
4.648	14.7
4.642	14.3
4.637	14.8
4.632	16.1
4.626	18.1
4.621	19.7
4.616	21.4
4.610	23.3
4.605	24.8
4.600	24.9
4.594	24.5
4.589	24.1
4.584	22.9
4.578	20.9
4.573	18.5
4.568	16.6
4.563	15.7
4.557	15.7
4.552	16.8
4.547	18.9
4.541	21.0
4.536	23.0
4.531	25.0
4.525	27.3
4.520	28.7
4.515	28.3
4.509	27.4
4.504	26.5
4.499	24.7
4.493	21.9
4.488	19.1
4.483	17.1
4.478	16.2
4.472	16.5
4.467	18.2
4.462	20.9
4.456	23.5
4.451	25.8
4.446	28.1
4.440	32.1
4.435	32.9
4.430	32.1
4.424	31.0
4.419	30.0
4.414	27.9
4.408	24.7
4.403	21.4
4.398	19.2
4.392	17.8
4.387	18.1
4.382	19.7
4.377	22.1
4.371	25.0
4.366	27.5
4.361	29.7
4.355	32.5
4.350	34.4
4.345	34.6
4.339	33.7
4.334	32.7
4.329	30.9
4.323	27.7
4.318	24.0
4.313	20.9
4.307	19.1
4.302	18.6
4.297	19.7
4.291	22.0
4.286	25.2
4.281	28.2
4.275	31.0
4.270	33.8
4.265	36.5
4.260	37.7
4.254	37.2
4.249	35.9
4.244	34.5
4.238	32.1
4.233	28.4
4.228	24.7
4.222	21.5
4.217	19.6
4.212	19.3
4.206	20.8
4.201	23.4
4.196	26.8
4.190	30.0
4.185	33.1
4.180	36.2
4.174	38.9
4.169	40.1
4.164	39.3
4.158	38.1
4.153	36.8
4.148	34.1
4.143	30.1
4.137	26.1
4.132	22.9
4.127	20.8
4.121	20.2
4.116	21.6
4.111	24.4
4.105	27.6
4.100	32.6
4.095	34.6
4.089	37.4
4.084	39.7
4.079	40.9
4.073	40.2
4.068	39.1
4.063	37.9
4.057	36.3
4.052	33.1
4.047	29.0
4.041	25.2
4.036	22.4
4.031	20.8
4.025	21.0
4.020	23.0
4.015	26.4
4.009	29.9
4.004	32.8
3.999	36.4
3.994	40.4
3.988	43.0
3.983	43.6
3.978	42.7
3.972	41.8
3.967	40.7
3.962	38.2
3.956	34.1
3.951	29.6
3.946	25.7
3.940	22.8
3.935	21.2
3.930	21.5
3.924	23.7
3.919	27.4
3.914	30.8
3.908	33.7
3.903	36.9
3.898	41.2
3.892	44.4
3.887	45.1
3.882	43.9
3.876	42.8
3.871	42.3
3.866	40.3
3.860	36.5
3.855	31.9
3.850	27.6
3.844	24.4
3.839	22.0
3.834	21.3
3.829	22.5
3.823	25.8
3.818	29.8
3.813	32.8
3.807	35.3
3.802	39.2
3.797	44.1
3.791	46.8
3.786	46.2
3.781	44.4
3.775	43.6
3.770	43.2
3.765	40.8
3.759	35.6
3.754	31.2
3.749	27.2
3.743	24.0
3.738	21.8
3.733	21.0
3.727	22.2
3.722	25.6
3.717	30.0
3.711	33.2
3.706	35.4
3.701	38.6
3.695	43.8
3.690	47.6
3.685	48.0
3.679	45.7
3.674	44.3
3.669	44.3
3.663	43.2
3.658	39.7
3.653	34.8
3.647	30.0
3.642	26.3
3.637	23.5
3.632	21.8
3.626	21.6
3.621	23.3
3.616	27.4
3.610	31.8
3.605	34.4
3.600	36.3
3.594	39.6
3.589	44.8
3.584	48.4
3.578	48.3
3.573	45.8
3.568	44.2
3.562	44.1
3.557	42.8
3.552	39.2
3.546	34.5
3.541	29.8
3.536	26.2
3.530	23.4
3.525	21.8
3.520	21.3
3.514	22.5
3.509	26.0
3.504	30.8
3.498	34.2
3.493	36.1
3.488	38.2
3.482	42.8
3.477	47.9
3.472	49.9
3.466	48.3
3.461	45.7
3.456	44.9
3.450	45.3
3.445	44.0
3.440	40.2
3.434	35.2
3.429	30.5
3.424	26.8
3.418	22.3
3.413	21.4
3.408	21.1
3.402	22.0
3.397	25.2
3.392	29.6
3.386	33.1
3.381	35.2
3.376	37.1
3.370	41.0
3.365	46.7
3.360	50.2
3.354	49.8
3.349	47.0
3.344	45.3
3.338	45.6
3.333	45.7
3.328	43.0
3.322	38.6
3.317	33.8
3.312	29.4
3.306	26.0
3.301	23.6
3.296	22.0
3.291	21.6
3.285	22.8
3.280	26.1
3.275	30.7
3.269	34.1
3.264	36.1
3.259	37.5
3.253	40.7
3.248	46.2
3.243	50.2
3.237	50.6
3.232	48.5
3.227	46.2
3.221	45.8
3.216	46.2
3.211	44.6
3.205	41.0
3.200	36.6
3.195	32.2
3.189	28.4
3.184	25.6
3.179	23.4
3.173	22.2
3.168	22.1
3.163	23.7
3.157	27.0
3.152	31.5
3.147	34.6
3.141	36.6
3.136	38.1
3.131	41.5
3.125	46.5
3.120	50.4
3.115	51.0
3.109	49.4
3.104	47.1
3.099	46.4
3.093	46.8
3.088	46.0
3.083	43.4
3.077	38.2
3.072	34.2
3.067	30.6
3.061	27.3
3.056	24.8
3.051	22.9
3.045	22.1
3.040	22.5
3.035	24.3
3.029	27.9
3.024	31.9
3.019	34.8
3.013	36.5
3.008	38.2
3.003	41.4
2.997	46.3
2.992	50.3
2.987	51.6
2.981	50.5
2.976	48.5
2.971	47.3
2.965	47.4
2.960	47.2
2.955	45.2
2.949	42.0
2.944	38.0
2.939	33.9
2.933	30.2
2.928	27.0
2.923	24.7
2.917	23.2
2.912	22.5
2.907	22.9
2.901	24.6
2.896	28.1
2.891	31.7
2.885	34.2
2.880	36.2
2.875	37.8
2.869	40.4
2.864	44.8
2.859	48.9
2.853	51.1
2.848	51.1
2.843	49.8
2.837	48.4
2.832	47.9
2.827	47.9
2.821	47.0
2.816	44.8
2.811	41.6
2.805	37.9
2.800	34.1
2.795	30.6
2.789	27.6
2.784	25.3
2.779	23.7
2.773	22.8
2.768	22.8
2.763	24.1
2.757	26.9
2.752	30.5
2.747	33.4
2.741	35.4
2.736	38.0
2.731	39.1
2.725	41.8
2.720	45.5
2.715	49.1
2.709	51.1
2.704	51.5
2.699	50.6
2.693	49.5
2.688	49.0
2.683	48.6
2.677	47.7
2.672	45.4
2.667	42.2
2.661	39.0
2.656	35.6
2.651	32.3
2.645	29.3
2.640	26.8
2.635	24.8
2.629	23.6
2.624	22.9
2.619	23.2
2.613	24.5
2.608	26.9
2.602	30.0
2.597	32.8
2.592	35.0
2.586	36.7
2.581	38.4
2.576	41.2
2.570	44.8
2.565	48.4
2.560	50.8
2.554	52.0
2.549	51.6
2.544	50.6
2.538	49.8
2.533	49.4
2.528	49.0
2.522	48.0
2.517	46.2
2.512	43.8
2.506	40.6
2.501	37.4
2.496	34.1
2.490	31.1
2.485	28.4
2.480	26.1
2.474	24.5
2.469	23.4
2.464	23.0
2.458	23.4
2.453	25.1
2.448	27.6
2.442	30.4
2.437	33.2
2.432	35.2
2.426	37.0
2.421	38.6
2.416	40.9
2.410	43.9
2.405	47.1
2.400	49.9
2.394	53.1
2.389	52.8
2.384	52.0
2.378	50.9
2.373	50.1
2.368	49.7
2.362	49.3
2.357	48.4
2.352	46.7
2.346	44.3
2.341	41.5
2.336	38.6
2.330	35.4
2.325	32.6
2.320	30.0
2.314	27.6
2.309	25.7
2.304	24.1
2.298	23.3
2.293	22.9
2.288	23.3
2.282	24.6
2.277	26.9
2.272	29.6
2.266	32.2
2.261	34.4
2.256	36.3
2.250	37.8
2.245	39.7
2.240	41.8
2.234	44.6
2.229	47.1
2.223	49.0
2.218	50.2
2.213	50.7
2.207	50.8
2.202	50.4
2.197	49.5
2.191	48.6
2.186	47.4
2.181	45.8
2.175	44.1
2.170	42.4
2.165	40.9
2.159	39.2
2.154	37.2
2.149	34.8
2.143	32.5
2.138	30.3
2.133	28.1
2.127	26.4
2.122	25.1
2.117	23.9
2.111	23.2
2.106	23.2
2.101	23.9
2.095	25.3
2.090	27.2
2.085	29.4
2.079	31.8
2.074	33.8
2.069	35.6
2.063	37.2
2.058	38.7
2.053	41.4
2.047	43.1
2.042	45.6
2.037	48.0
2.031	50.4
2.026	51.9
2.021	52.6
2.015	52.5
2.010	52.1
2.005	51.4
1.999	50.9
1.994	50.4
1.989	50.0
1.983	49.3
1.978	48.4
1.972	46.8
1.967	44.8
1.962	42.4
1.956	39.8
1.951	37.2
1.946	34.6
1.940	32.2
1.935	29.9
1.930	27.8
1.924	26.2
1.919	25.0
1.914	23.8
1.908	23.0
1.903	22.9
1.898	23.2
1.892	24.0
1.887	25.4
1.882	27.2
1.876	29.2
1.871	31.4
1.866	33.4
1.860	35.0
1.855	36.4
1.850	37.7
1.844	39.2
1.839	41.0
1.834	43.1
1.828	45.6
1.823	48.0
1.818	50.2
1.812	51.8
1.807	52.7
1.802	53.0
1.796	52.9
1.791	52.2
1.786	51.4
1.780	50.9
1.775	50.4
1.769	50.0
1.764	49.6
1.759	48.9
1.753	47.8
1.748	46.4
1.743	44.6
1.737	42.5
1.732	40.2
1.727	37.8
1.721	35.4
1.716	33.2
1.711	30.2
1.705	28.8
1.700	27.3
1.695	26.0
1.689	24.8
1.684	23.8
1.679	23.2
1.673	22.9
1.668	22.9
1.663	23.3
1.657	24.1
1.652	25.3
1.647	26.9
1.641	28.8
1.636	30.8
1.631	32.6
1.625	34.3
1.620	35.8
1.615	37.1
1.609	38.2
1.604	39.4
1.599	40.6
1.593	41.8
1.588	43.4
1.582	45.2
1.577	47.0
1.572	48.6
1.566	49.8
1.561	51.0
1.556	52.2
1.550	52.9
1.545	53.0
1.540	52.5
1.534	51.9
1.529	51.2
1.524	50.7
1.518	50.3
1.513	49.9
1.508	49.6
1.502	49.1
1.497	48.3
1.492	47.2
1.486	45.8
1.481	44.2
1.476	42.3
1.470	40.4
1.465	38.5
1.460	36.5
1.454	34.4
1.449	32.4
1.444	30.7
1.438	28.9
1.433	27.4
1.428	26.1
1.422	24.9
1.417	24.1
1.411	23.4
1.406	22.9
1.401	22.6
1.395	22.6
1.390	22.8
1.385	23.2
1.379	23.9
1.374	24.9
1.369	27.1
1.363	28.3
1.358	29.8
1.353	31.4
1.347	33.0
1.342	34.4
1.337	35.6
1.331	36.5
1.326	37.4
1.321	38.2
1.315	39.3
1.310	40.3
1.305	41.4
1.299	42.7
1.294	44.3
1.289	46.2
1.283	48.2
1.278	50.1
1.273	51.8
1.267	53.4
1.262	54.6
1.256	55.1
1.251	55.3
1.246	55.2
1.240	54.7
1.235	53.9
1.230	52.8
1.224	52.0
1.219	51.2
1.214	50.4
1.208	49.9
1.203	49.5
1.198	49.3
1.192	49.2
1.187	49.1
1.182	48.7
1.176	48.3
1.171	47.6
1.166	46.6
1.160	45.3
1.155	44.0
1.150	42.4
1.144	40.8
1.139	38.8
1.134	37.0
1.128	35.0
1.123	33.2
1.118	31.7
1.112	30.3
1.107	28.8
1.101	27.6
1.096	26.4
1.091	25.5
1.085	24.6
1.080	23.8
1.075	23.1
1.069	22.6
1.064	22.2
1.059	21.8
1.053	21.7
1.048	21.7
1.043	21.7
1.037	21.8
1.032	22.2
1.027	22.8
1.021	23.2
1.016	23.6
1.011	24.4
1.005	25.6
1.000	26.8
0.995	28.2
0.989	29.7
0.984	31.2
0.979	32.6
0.973	33.9
0.968	35.1
0.962	36.3
0.957	37.5
0.952	38.6
0.946	39.2
0.941	39.8
0.936	40.1
0.930	40.5
0.925	40.8
0.920	41.1
0.914	41.4
0.909	41.9
0.904	42.5
0.898	43.3
0.893	44.4
0.888	45.7
0.882	47.2
0.877	48.7
0.872	50.2
0.866	51.8
0.861	53.4
0.856	54.6
0.850	55.6
0.845	56.1
0.840	56.3
0.834	56.2
0.829	56.1
0.823	55.9
0.818	55.5
0.813	55.0
0.807	54.4
0.802	53.6
0.797	52.5
0.791	51.4
0.786	50.5
0.781	49.6
0.775	48.8
0.770	48.1
0.765	47.7
0.759	47.3
0.754	47.0
0.749	46.9
0.743	46.8
0.738	46.8
0.733	46.8
0.727	47.2
0.722	47.7
0.717	48.2
0.711	48.7
0.706	48.8
0.701	48.7
0.695	48.3
0.690	47.7
0.684	46.9
0.679	46.0
0.674	45.0
0.668	44.0
0.663	43.0
0.658	41.9
0.652	40.9
0.647	39.7
0.642	38.4
0.636	37.2
0.631	35.6
0.626	34.2
0.620	32.9
0.615	31.7
0.610	30.8
0.604	30.0
0.599	29.2
0.594	28.4
0.588	27.7
0.583	26.9
0.578	26.2
0.572	25.6
0.567	25.2
0.561	24.5
0.556	24.1
0.551	23.7
0.545	23.3
0.540	22.9
0.535	22.5
0.529	22.1
0.524	21.7
0.519	21.4
0.513	21.3
0.508	21.1
0.503	20.9
0.497	20.9
0.492	20.8
0.487	20.6
0.481	20.4
0.476	20.2
0.471	20.1
0.465	20.0
0.460	20.0
0.455	19.8
0.449	19.8
0.444	19.7
0.438	19.7
0.433	19.7
0.428	19.7
0.422	19.7
0.417	19.8
0.412	19.8
0.406	20.0
0.401	20.0
0.396	20.1
0.390	20.1
0.385	20.1
0.380	20.2
0.374	20.4
0.369	20.6
0.364	20.8
0.358	20.9
0.353	21.0
0.348	21.2
0.342	21.8
0.337	21.8
0.332	21.9
0.326	22.0
0.321	22.4
0.316	22.5
0.310	22.6
0.305	23.0
0.299	23.3
0.294	23.6
0.289	23.7
0.283	23.8
0.278	24.1
0.273	24.5
0.267	24.9
0.262	25.2
0.257	25.6
0.251	25.8
0.246	26.2
0.241	26.5
0.235	26.9
0.230	27.3
0.225	27.6
0.219	27.8
0.214	28.1
0.209	28.4
0.203	28.6
0.198	28.9
0.193	29.1
0.187	29.4
0.182	29.7
0.176	29.8
0.171	29.9
0.166	30.1
0.160	30.2
0.155	30.5
0.150	30.8
0.144	31.1
0.139	31.2
0.134	31.3
0.128	31.3
0.123	31.3
0.118	31.3
0.112	31.3
0.107	31.3
0.102	31.3
0.096	31.4
0.091	31.4
0.086	31.6
0.080	31.5
0.075	31.5
0.070	31.5
0.064	31.5
0.059	31.5
0.053	31.4
0.048	31.4
0.043	31.4
0.037	31.3
0.032	31.3
0.027	31.2
0.021	30.8
0.016	30.6
0.011	30.4
0.005	30.0
0.000	29.3
-0.005	28.7
-0.011	28.1
-0.016	27.7
-0.021	27.6
-0.027	27.7
-0.032	28.0
-0.037	27.8
-0.043	27.6
-0.048	27.2
-0.053	26.8
-0.059	26.4
-0.064	26.0
-0.070	25.6
-0.075	25.6
-0.080	25.3
-0.086	24.8
-0.091	24.4
-0.096	24.1
-0.102	24.1
-0.107	23.9
-0.112	23.7
-0.118	23.4
-0.123	23.2
-0.128	23.0
-0.134	22.8
-0.139	22.6
-0.144	22.4
-0.150	22.1
-0.155	21.9
-0.160	21.6
-0.166	21.6
-0.171	21.4
-0.176	21.2
-0.182	21.0
-0.187	20.9
-0.193	20.8
-0.198	20.6
-0.203	20.5
-0.209	20.2
-0.214	20.1
-0.219	20.0
-0.225	20.0
-0.230	20.0
-0.235	20.0
-0.241	19.8
-0.246	19.8
-0.251	19.5
-0.257	19.4
-0.262	19.2
-0.267	19.2
-0.273	19.2
-0.278	19.2
-0.283	19.2
-0.289	19.3
-0.294	19.4
-0.299	19.7
-0.305	19.7
-0.310	20.0
-0.316	19.9
-0.321	20.0
-0.326	20.1
-0.332	20.4
-0.337	20.6
-0.342	21.2
-0.348	21.3
-0.353	21.6
-0.358	21.7
-0.364	22.1
-0.369	22.4
-0.374	22.6
-0.380	23.0
-0.385	23.4
-0.390	23.7
-0.396	24.1
-0.401	24.6
-0.406	25.2
-0.412	25.8
-0.417	26.7
-0.422	27.5
-0.428	28.2
-0.433	29.1
-0.438	30.1
-0.444	31.2
-0.449	32.3
-0.455	33.5
-0.460	35.0
-0.465	36.2
-0.471	37.8
-0.476	39.3
-0.481	40.9
-0.487	42.5
-0.492	44.0
-0.497	45.5
-0.503	46.9
-0.508	48.1
-0.513	49.3
-0.519	50.2
-0.524	50.9
-0.529	51.2
-0.535	51.0
-0.540	50.2
-0.545	49.4
-0.551	48.4
-0.556	47.4
-0.561	46.3
-0.567	45.4
-0.572	44.7
-0.578	44.2
-0.583	43.8
-0.588	43.7
-0.594	44.1
-0.599	44.8
-0.604	45.7
-0.610	46.7
-0.615	47.9
-0.620	49.2
-0.626	50.8
-0.631	52.6
-0.636	54.2
-0.642	55.8
-0.647	57.4
-0.652	58.7
-0.658	59.8
-0.663	60.4
-0.668	60.4
-0.674	59.7
-0.679	58.5
-0.684	56.4
-0.690	54.3
-0.695	52.0
-0.701	49.5
-0.706	47.2
-0.711	45.2
-0.717	43.6
-0.722	42.4
-0.727	41.4
-0.733	40.8
-0.738	40.3
-0.743	40.0
-0.749	39.9
-0.754	39.9
-0.759	39.9
-0.765	40.0
-0.770	40.0
-0.775	40.0
-0.781	39.4
-0.786	38.6
-0.791	37.6
-0.797	36.4
-0.802	34.8
-0.807	32.8
-0.813	30.9
-0.818	28.8
-0.823	27.0
-0.829	25.4
-0.834	24.1
-0.840	23.0
-0.845	22.1
-0.850	21.5
-0.856	21.0
-0.861	20.6
-0.866	20.2
-0.872	20.0
-0.877	20.0
-0.882	19.9
-0.888	20.0
-0.893	20.2
-0.898	20.6
-0.904	21.0
-0.909	21.4
-0.914	22.0
-0.920	22.6
-0.925	23.2
-0.930	23.8
-0.936	24.2
-0.941	24.9
-0.946	25.8
-0.952	27.4
-0.957	29.3
-0.962	31.9
-0.968	34.8
-0.973	38.0
-0.979	40.8
-0.984	43.4
-0.989	45.6
-0.995	47.2
-1.000	48.1
-1.005	48.4
-1.011	47.9
-1.016	47.0
-1.021	45.8
-1.027	44.1
-1.032	43.6
-1.037	43.4
-1.043	43.9
-1.048	45.1
-1.053	46.6
-1.059	48.7
-1.064	51.1
-1.069	53.5
-1.075	55.6
-1.080	56.8
-1.085	57.0
-1.091	56.2
-1.096	54.2
-1.101	51.4
-1.107	48.2
-1.112	45.2
-1.118	42.8
-1.123	40.9
-1.128	39.7
-1.134	39.3
-1.139	39.2
-1.144	39.4
-1.150	39.4
-1.155	39.2
-1.160	38.6
-1.166	37.6
-1.171	36.0
-1.176	33.7
-1.182	31.2
-1.187	28.6
-1.192	26.2
-1.198	24.4
-1.203	22.8
-1.208	21.6
-1.214	20.8
-1.219	20.4
-1.224	20.0
-1.230	19.8
-1.235	19.8
-1.240	20.1
-1.246	20.5
-1.251	21.1
-1.256	21.9
-1.262	22.9
-1.267	24.1
-1.273	25.7
-1.278	27.3
-1.283	29.3
-1.289	31.6
-1.294	34.2
-1.299	37.2
-1.305	40.1
-1.310	42.9
-1.315	45.2
-1.321	46.6
-1.326	47.0
-1.331	46.3
-1.337	45.2
-1.342	44.1
-1.347	43.6
-1.353	43.4
-1.358	44.2
-1.363	45.8
-1.369	49.2
-1.374	50.9
-1.379	52.5
-1.385	53.7
-1.390	53.8
-1.395	52.2
-1.401	49.0
-1.406	45.0
-1.411	41.4
-1.417	38.7
-1.422	37.0
-1.428	36.1
-1.433	35.7
-1.438	35.6
-1.444	35.3
-1.449	34.8
-1.454	33.7
-1.460	32.0
-1.465	29.7
-1.470	26.9
-1.476	24.6
-1.481	22.6
-1.486	21.2
-1.492	20.4
-1.497	19.8
-1.502	19.6
-1.508	19.7
-1.513	20.0
-1.518	20.6
-1.524	21.4
-1.529	22.5
-1.534	23.8
-1.540	25.4
-1.545	27.4
-1.550	29.8
-1.556	32.6
-1.561	35.6
-1.566	38.7
-1.572	41.5
-1.577	43.8
-1.582	44.9
-1.588	44.8
-1.593	43.9
-1.599	43.0
-1.604	42.8
-1.609	43.6
-1.615	45.6
-1.620	48.0
-1.625	50.5
-1.631	52.4
-1.636	52.9
-1.641	51.5
-1.647	48.7
-1.652	45.0
-1.657	41.5
-1.663	39.2
-1.668	37.8
-1.673	37.2
-1.679	36.9
-1.684	36.7
-1.689	35.9
-1.695	33.9
-1.700	31.1
-1.705	27.9
-1.711	23.8
-1.716	22.2
-1.721	20.9
-1.727	20.1
-1.732	19.7
-1.737	19.6
-1.743	19.6
-1.748	20.1
-1.753	21.0
-1.759	22.1
-1.764	23.6
-1.769	25.5
-1.775	27.9
-1.780	30.6
-1.786	33.8
-1.791	37.3
-1.796	40.5
-1.802	42.7
-1.807	43.4
-1.812	42.8
-1.818	42.0
-1.823	41.8
-1.828	42.6
-1.834	44.6
-1.839	47.3
-1.844	49.9
-1.850	51.5
-1.855	50.9
-1.860	48.1
-1.866	44.2
-1.871	40.5
-1.876	38.1
-1.882	36.7
-1.887	36.1
-1.892	35.8
-1.898	35.0
-1.903	33.4
-1.908	30.7
-1.914	27.4
-1.919	24.4
-1.924	22.1
-1.930	20.5
-1.935	19.6
-1.940	19.2
-1.946	19.2
-1.951	19.6
-1.956	20.4
-1.962	21.6
-1.967	23.4
-1.972	25.4
-1.978	28.2
-1.983	31.5
-1.989	35.1
-1.994	38.6
-1.999	41.2
-2.005	42.1
-2.010	41.5
-2.015	40.6
-2.021	40.6
-2.026	41.8
-2.031	44.4
-2.037	47.2
-2.042	49.2
-2.047	49.2
-2.053	46.6
-2.058	42.6
-2.063	39.2
-2.069	36.9
-2.074	35.9
-2.079	35.5
-2.085	35.0
-2.090	33.6
-2.095	31.0
-2.101	27.4
-2.106	24.1
-2.111	21.5
-2.117	19.9
-2.122	19.0
-2.127	18.7
-2.133	18.8
-2.138	19.3
-2.143	20.5
-2.149	22.0
-2.154	23.7
-2.159	26.3
-2.165	29.6
-2.170	33.7
-2.175	37.4
-2.181	39.8
-2.186	40.4
-2.191	39.6
-2.197	39.1
-2.202	39.8
-2.207	41.9
-2.213	44.7
-2.218	47.0
-2.223	47.5
-2.229	45.2
-2.234	41.4
-2.240	38.0
-2.245	35.6
-2.250	34.5
-2.256	33.8
-2.261	32.7
-2.266	30.7
-2.272	27.5
-2.277	24.3
-2.282	21.6
-2.288	19.8
-2.293	18.7
-2.298	18.4
-2.304	18.5
-2.309	19.2
-2.314	20.4
-2.320	22.2
-2.325	24.6
-2.330	27.8
-2.336	31.4
-2.341	34.9
-2.346	37.6
-2.352	38.5
-2.357	38.1
-2.362	37.5
-2.368	38.2
-2.373	40.6
-2.378	43.4
-2.384	45.5
-2.389	44.8
-2.394	41.7
-2.400	38.0
-2.405	35.2
-2.410	33.6
-2.416	32.8
-2.421	32.0
-2.426	30.3
-2.432	27.1
-2.437	23.9
-2.442	21.2
-2.448	19.3
-2.453	18.5
-2.458	18.1
-2.464	18.2
-2.469	19.0
-2.474	20.3
-2.480	22.2
-2.485	24.9
-2.490	28.2
-2.496	31.8
-2.501	34.6
-2.506	35.7
-2.512	35.4
-2.517	35.0
-2.522	35.7
-2.528	37.4
-2.533	39.7
-2.538	40.9
-2.544	39.7
-2.549	36.9
-2.554	33.9
-2.560	32.0
-2.565	31.1
-2.570	30.3
-2.576	28.8
-2.581	26.1
-2.586	22.8
-2.592	20.1
-2.597	18.5
-2.602	17.6
-2.608	17.2
-2.613	17.4
-2.619	18.2
-2.624	19.7
-2.629	21.7
-2.635	24.5
-2.640	27.7
-2.645	30.8
-2.651	32.8
-2.656	32.8
-2.661	32.4
-2.667	32.8
-2.672	34.4
-2.677	36.6
-2.683	37.8
-2.688	36.8
-2.693	34.0
-2.699	31.2
-2.704	29.2
-2.709	28.1
-2.715	27.2
-2.720	25.4
-2.725	22.7
-2.731	20.0
-2.736	16.9
-2.741	16.1
-2.747	15.8
-2.752	15.8
-2.757	16.6
-2.763	17.8
-2.768	19.4
-2.773	21.6
-2.779	24.3
-2.784	26.7
-2.789	28.3
-2.795	28.6
-2.800	28.5
-2.805	29.0
-2.811	30.5
-2.816	32.1
-2.821	32.4
-2.827	30.8
-2.832	28.1
-2.837	26.0
-2.843	24.9
-2.848	24.1
-2.853	22.8
-2.859	20.6
-2.864	18.4
-2.869	16.4
-2.875	15.2
-2.880	14.8
-2.885	14.8
-2.891	15.2
-2.896	16.0
-2.901	17.3
-2.907	19.1
-2.912	21.0
-2.917	22.9
-2.923	23.7
-2.928	23.7
-2.933	23.7
-2.939	24.5
-2.944	25.7
-2.949	26.5
-2.955	25.8
-2.960	24.2
-2.965	22.4
-2.971	21.2
-2.976	20.4
-2.981	19.3
-2.987	17.8
-2.992	16.1
-2.997	14.5
-3.003	13.6
-3.008	13.2
-3.013	13.2
-3.019	13.4
-3.024	14.2
-3.029	15.3
-3.035	16.6
-3.040	18.1
-3.045	18.9
-3.051	19.0
-3.056	19.0
-3.061	19.4
-3.067	20.3
-3.072	21.1
-3.077	21.5
-3.083	20.1
-3.088	18.8
-3.093	17.7
-3.099	17.1
-3.104	16.3
-3.109	15.0
-3.115	13.7
-3.120	12.6
-3.125	11.8
-3.131	11.4
-3.136	11.3
-3.141	11.7
-3.147	12.1
-3.152	12.7
-3.157	13.5
-3.163	14.3
-3.168	15.1
-3.173	15.4
-3.179	15.4
-3.184	15.8
-3.189	16.1
-3.195	16.2
-3.200	15.8
-3.205	15.0
-3.211	14.3
-3.216	13.8
-3.221	13.4
-3.227	12.6
-3.232	11.8
-3.237	11.0
-3.243	10.5
-3.248	10.1
-3.253	10.1
-3.259	10.1
-3.264	10.5
-3.269	10.9
-3.275	11.3
-3.280	11.7
-3.285	11.8
-3.291	12.1
-3.296	12.1
-3.301	12.1
-3.306	12.1
-3.312	12.0
-3.317	11.6
-3.322	11.3
-3.328	11.2
-3.333	10.8
-3.338	10.4
-3.344	10.0
-3.349	9.6
-3.354	9.2
-3.360	9.0
-3.365	8.9
-3.370	8.9
-3.376	9.1
-3.381	9.1
-3.386	9.4
-3.392	9.6
-3.397	9.6
-3.402	9.6
-3.408	9.6
-3.413	9.6
-3.418	9.7
-3.424	9.4
-3.429	9.3
-3.434	9.1
-3.440	9.0
-3.445	8.9
-3.450	8.7
-3.456	8.5
-3.461	8.4
-3.466	8.1
-3.472	8.1
-3.477	8.1
-3.482	8.1
-3.488	8.1
-3.493	8.1
-3.498	8.1
-3.504	8.1
-3.509	8.1
-3.514	8.1
-3.520	8.1
-3.525	8.1
-3.530	8.1
-3.536	8.1
-3.541	8.1
-3.546	8.1
-3.552	8.0
-3.557	7.9
-3.562	7.9
-3.568	7.8
-3.573	7.7
-3.578	7.6
-3.584	7.5
-3.589	7.5
-3.594	7.5
-3.600	7.5
-3.605	7.5
-3.610	7.5
-3.616	7.4
-3.621	7.4
-3.626	7.4
-3.632	7.4
-3.637	7.3
-3.642	7.4
-3.647	7.4
-3.653	7.4
-3.658	7.4
-3.663	7.4
-3.669	7.4
-3.674	7.4
-3.679	7.4
-3.685	7.4
-3.690	7.4
-3.695	7.3
-3.701	7.3
-3.706	7.3
-3.711	7.3
-3.717	7.3
-3.722	7.3
-3.727	7.3
-3.733	7.2
-3.738	7.2
-3.743	7.2
-3.749	7.2
-3.754	7.2
-3.759	7.3
-3.765	7.2
-3.770	7.2
-3.775	7.1
-3.781	7.0
-3.786	7.0
-3.791	7.0
-3.797	7.0
-3.802	7.1
-3.807	7.1
-3.813	7.2
-3.818	7.1
-3.823	7.1
-3.829	7.1
-3.834	7.1
-3.839	7.0
-3.844	7.0
-3.850	7.0
-3.855	7.0
-3.860	7.0
-3.866	7.0
-3.871	7.0
-3.876	7.0
-3.882	7.0
-3.887	7.0
-3.892	7.0
-3.898	7.0
-3.903	7.0
-3.908	7.0
-3.914	7.0
-3.919	7.0
-3.924	6.9
-3.930	6.9
-3.935	6.9
-3.940	6.9
-3.946	6.9
-3.951	6.9
-3.956	6.9
-3.962	6.9
-3.967	6.8
-3.972	6.8
-3.978	6.8
-3.983	6.8
-3.988	6.8
-3.994	6.8
-3.999	6.8
-4.004	6.8
-4.009	6.8
-4.015	6.8
-4.020	6.8
-4.025	6.8
-4.031	6.7
-4.036	6.7
-4.041	6.7
-4.047	6.7
-4.052	6.7
-4.057	6.7
-4.063	6.6
-4.068	6.6
-4.073	6.6
-4.079	6.6
-4.084	6.6
-4.089	6.6
-4.095	6.6
-4.100	6.8
-4.105	6.7
-4.111	6.7
-4.116	6.5
-4.121	6.5
-4.127	6.5
-4.132	6.5
-4.137	6.5
-4.143	6.5
-4.148	6.5
-4.153	6.5
-4.158	6.5
-4.164	6.5
-4.169	6.5
-4.174	6.5
-4.180	6.5
-4.185	6.5
-4.190	6.5
-4.196	6.5
-4.201	6.5
-4.206	6.5
-4.212	6.5
-4.217	6.5
-4.222	6.4
-4.228	6.4
-4.233	6.4
-4.238	6.4
-4.244	6.4
-4.249	6.4
-4.254	6.4
-4.260	6.4
-4.265	6.4
-4.270	6.4
-4.275	6.4
-4.281	6.4
-4.286	6.3
-4.291	6.4
-4.297	6.4
-4.302	6.4
-4.307	6.4
-4.313	6.4
-4.318	6.3
-4.323	6.3
-4.329	6.3
-4.334	6.3
-4.339	6.3
-4.345	6.3
-4.350	6.2
-4.355	6.2
-4.361	6.2
-4.366	6.2
-4.371	6.2
-4.377	6.2
-4.382	6.2
-4.387	6.2
-4.392	6.2
-4.398	6.2
-4.403	6.2
-4.408	6.2
-4.414	6.2
-4.419	6.2
-4.424	6.2
-4.430	6.2
-4.435	6.2
-4.440	6.4
-4.446	6.3
-4.451	6.2
-4.456	6.2
-4.462	6.2
-4.467	6.1
-4.472	6.1
-4.478	6.1
-4.483	6.1
-4.488	6.1
-4.493	6.1
-4.499	6.1
-4.504	6.1
-4.509	6.1
-4.515	6.1
-4.520	6.1
-4.525	6.1
-4.531	6.1
-4.536	6.1
-4.541	6.1
-4.547	6.1
-4.552	6.1
-4.557	6.0
-4.563	6.0
-4.568	6.0
-4.573	6.0
-4.578	6.0
-4.584	6.0
-4.589	6.0
-4.594	6.0
-4.600	6.0
-4.605	5.9
-4.610	5.9
-4.616	5.9
-4.621	5.9
-4.626	5.9
-4.632	5.9
-4.637	5.9
-4.642	5.9
-4.648	5.9
-4.653	5.9
-4.658	5.9
-4.663	5.9
-4.669	5.9
-4.674	5.9
-4.679	5.8
-4.685	5.8
-4.690	5.8
-4.695	5.8
-4.701	5.8
-4.706	5.8
-4.711	5.8
-4.717	5.8
-4.722	5.8
-4.727	5.8
-4.733	5.8
-4.738	5.8
-4.743	5.8
-4.748	5.8
-4.754	5.8
-4.759	5.8
-4.764	5.8
-4.770	5.8
-4.775	5.8
-4.780	6.0
-4.786	5.8
-4.791	5.8
-4.796	5.7
-4.802	5.7
-4.807	5.7
-4.812	5.7
-4.818	5.7
-4.823	5.7
-4.828	5.7
-4.833	5.7
-4.839	5.7
-4.844	5.7
-4.849	5.7
-4.855	5.7
-4.860	5.7
-4.865	5.7
-4.871	5.7
-4.876	5.7
-4.881	5.7
-4.887	5.7
-4.892	5.7
-4.897	5.7
-4.902	5.7
-4.908	5.7
-4.913	5.7
-4.918	5.7
-4.924	5.7
-4.929	5.7
-4.934	5.7
-4.940	5.7
-4.945	5.7
-4.950	5.7
-4.956	5.7
-4.961	5.7
-4.966	5.7
-4.971	5.7
-4.977	5.7
-4.982	5.7
-4.987	5.7
-4.993	5.7
-4.998	5.7
-5.003	5.7
-5.009	5.7
-5.014	5.7
-5.019	5.7
-5.025	5.7
-5.030	5.7
-5.035	5.7
-5.040	5.7
-5.046	5.7
-5.051	5.7
-5.056	5.7
-5.062	5.7
-5.067	5.7
-5.072	5.7
-5.078	5.7
-5.083	5.7
-5.088	5.7
-5.094	5.7
-5.099	5.7
-5.104	5.7
-5.109	5.7
-5.115	5.7
-5.120	5.8
-5.125	5.8
-5.131	5.7
-5.136	5.7
-5.141	5.7
-5.147	5.7
-5.152	5.7
-5.157	5.7
-5.162	5.7
-5.168	5.7
-5.173	5.7
-5.178	5.7
-5.184	5.7
-5.189	5.7
-5.194	5.7
-5.200	5.7
-5.205	5.7
-5.210	5.7
-5.216	5.7
-5.221	5.7
-5.226	5.7
-5.231	5.7
-5.237	5.7
-5.242	5.7
-5.247	5.7
-5.253	5.7
-5.258	5.7
-5.263	5.7
-5.269	5.7
-5.274	5.7
-5.279	5.7
-5.284	5.7
-5.290	5.7
-5.295	5.7
-5.300	5.7
-5.306	5.7
-5.311	5.7
-5.316	5.7
-5.322	5.7
-5.327	5.7
-5.332	5.7
-5.337	5.7
-5.343	5.7
-5.348	5.7
-5.353	5.7
-5.359	5.7
-5.364	5.7
-5.369	5.7
-5.375	5.7
-5.380	5.7
-5.385	5.7
-5.390	5.7
-5.396	5.7
-5.401	5.7
-5.406	5.7
-5.412	5.7
-5.417	5.7
-5.422	5.7
-5.428	5.7
-5.433	5.7
-5.438	5.7
-5.443	5.7
-5.449	5.7
-5.454	5.7
