&a / °	I1 / %
5.459	7.2
5.454	7.1
5.449	7.1
5.443	7.1
5.438	7.1
5.433	7.1
5.428	7.1
5.422	7.0
5.417	7.0
5.412	7.0
5.406	7.0
5.401	7.0
5.396	7.0
5.390	7.0
5.385	7.3
5.380	7.3
5.375	7.3
5.369	7.3
5.364	7.3
5.359	7.3
5.353	7.3
5.348	7.3
5.343	7.2
5.337	7.2
5.332	7.2
5.327	7.2
5.322	7.2
5.316	7.2
5.311	7.2
5.306	7.3
5.300	7.4
5.295	7.4
5.290	7.4
5.284	7.4
5.279	7.4
5.274	7.4
5.269	7.3
5.263	7.3
5.258	7.3
5.253	7.3
5.247	7.3
5.242	7.3
5.237	7.4
5.231	7.6
5.226	7.7
5.221	7.7
5.216	7.7
5.210	7.6
5.205	7.6
5.200	7.4
5.194	7.4
5.189	7.2
5.184	7.2
5.178	7.2
5.173	7.2
5.168	7.1
5.162	7.2
5.157	7.2
5.152	7.2
5.147	7.2
5.141	7.2
5.136	7.2
5.131	7.2
5.125	7.2
5.120	7.6
5.115	7.4
5.109	7.4
5.104	7.4
5.099	7.6
5.094	7.8
5.088	8.2
5.083	8.6
5.078	9.0
5.072	9.0
5.067	9.0
5.062	8.7
5.056	8.5
5.051	8.4
5.046	8.2
5.040	8.1
5.035	8.1
5.030	8.0
5.025	8.1
5.019	8.3
5.014	8.7
5.009	9.2
5.003	9.8
4.998	10.1
4.993	10.0
4.987	9.6
4.982	9.2
4.977	8.8
4.971	8.5
4.966	8.4
4.961	8.4
4.956	8.4
4.950	8.4
4.945	8.7
4.940	9.3
4.934	10.1
4.929	11.3
4.924	12.1
4.918	12.3
4.913	11.9
4.908	11.2
4.902	10.4
4.897	9.9
4.892	9.5
4.887	9.2
4.881	9.2
4.876	9.2
4.871	9.3
4.865	9.8
4.860	10.6
4.855	12.2
4.849	13.7
4.844	14.5
4.839	14.5
4.833	13.6
4.828	12.5
4.823	11.6
4.818	10.7
4.812	10.2
4.807	9.8
4.802	9.7
4.796	9.7
4.791	10.1
4.786	10.9
4.780	12.7
4.775	14.5
4.770	16.5
4.764	17.7
4.759	17.6
4.754	16.2
4.748	14.5
4.743	12.8
4.738	11.7
4.733	10.9
4.727	10.5
4.722	10.2
4.717	10.3
4.711	10.6
4.706	11.6
4.701	13.3
4.695	16.1
4.690	19.2
4.685	21.2
4.679	21.2
4.674	19.4
4.669	16.9
4.663	14.6
4.658	13.0
4.653	11.8
4.648	11.2
4.642	10.8
4.637	10.8
4.632	11.2
4.626	12.0
4.621	13.9
4.616	17.0
4.610	21.0
4.605	24.2
4.600	25.1
4.594	23.5
4.589	20.6
4.584	17.5
4.578	15.1
4.573	13.3
4.568	12.4
4.563	11.7
4.557	11.4
4.552	11.5
4.547	12.1
4.541	13.7
4.536	16.4
4.531	20.6
4.525	25.4
4.520	28.5
4.515	28.5
4.509	25.7
4.504	21.7
4.499	18.2
4.493	15.4
4.488	13.6
4.483	12.5
4.478	11.8
4.472	11.6
4.467	12.0
4.462	13.2
4.456	15.0
4.451	18.5
4.446	23.6
4.440	31.7
4.435	33.7
4.430	32.8
4.424	29.1
4.419	24.4
4.414	20.1
4.408	17.0
4.403	14.8
4.398	13.6
4.392	12.8
4.387	12.4
4.382	12.6
4.377	13.4
4.371	15.3
4.366	18.9
4.361	23.9
4.355	29.8
4.350	34.1
4.345	35.0
4.339	32.3
4.334	27.6
4.329	22.8
4.323	19.1
4.318	16.3
4.313	14.5
4.307	13.3
4.302	12.9
4.297	12.9
4.291	13.3
4.286	14.9
4.281	17.8
4.275	22.6
4.270	29.2
4.265	35.2
4.260	38.4
4.254	37.3
4.249	32.8
4.244	27.3
4.238	22.5
4.233	18.9
4.228	16.3
4.222	14.6
4.217	13.7
4.212	13.2
4.206	13.2
4.201	14.0
4.196	15.6
4.190	19.2
4.185	24.8
4.180	31.6
4.174	37.8
4.169	40.7
4.164	39.3
4.158	34.5
4.153	28.9
4.148	23.7
4.143	20.0
4.137	17.2
4.132	15.4
4.127	14.2
4.121	13.7
4.116	13.7
4.111	14.2
4.105	15.7
4.100	19.7
4.095	24.6
4.089	31.2
4.084	37.4
4.079	41.0
4.073	40.5
4.068	36.6
4.063	31.0
4.057	26.0
4.052	22.0
4.047	18.8
4.041	16.6
4.036	15.1
4.031	14.3
4.025	13.9
4.020	14.0
4.015	14.9
4.009	16.9
4.004	21.0
3.999	27.7
3.994	35.5
3.988	42.0
3.983	44.8
3.978	43.2
3.972	38.2
3.967	32.2
3.962	26.7
3.956	22.4
3.951	19.2
3.946	16.8
3.940	15.3
3.935	14.5
3.930	14.1
3.924	14.3
3.919	15.1
3.914	16.9
3.908	20.8
3.903	27.3
3.898	35.2
3.892	42.4
3.887	46.1
3.882	45.2
3.876	40.7
3.871	34.7
3.866	29.0
3.860	24.2
3.855	20.6
3.850	18.0
3.844	16.1
3.839	14.9
3.834	14.4
3.829	14.3
3.823	14.7
3.818	15.8
3.813	18.2
3.807	23.0
3.802	30.6
3.797	39.2
3.791	45.6
3.786	48.0
3.781	45.7
3.775	40.4
3.770	34.1
3.765	28.5
3.759	21.1
3.754	19.0
3.749	17.1
3.743	15.7
3.738	14.7
3.733	14.2
3.727	14.2
3.722	14.6
3.717	15.6
3.711	17.6
3.706	22.0
3.701	29.2
3.695	38.0
3.690	45.5
3.685	49.3
3.679	48.4
3.674	43.6
3.669	37.2
3.663	31.2
3.658	26.1
3.653	22.1
3.647	19.3
3.642	17.2
3.637	15.7
3.632	14.8
3.626	14.4
3.621	14.4
3.616	14.9
3.610	16.1
3.605	18.5
3.600	23.3
3.594	30.7
3.589	39.4
3.584	46.6
3.578	49.9
3.573	48.5
3.568	43.4
3.562	37.0
3.557	30.9
3.552	25.8
3.546	21.9
3.541	19.0
3.536	17.0
3.530	15.7
3.525	14.9
3.520	14.5
3.514	14.5
3.509	14.8
3.504	15.7
3.498	17.3
3.493	20.9
3.488	27.2
3.482	35.6
3.477	44.0
3.472	49.7
3.466	51.2
3.461	48.2
3.456	42.5
3.450	36.2
3.445	30.4
3.440	25.7
3.434	22.0
3.429	19.4
3.424	17.4
3.418	15.2
3.413	14.8
3.408	14.4
3.402	14.4
3.397	14.6
3.392	15.3
3.386	16.6
3.381	19.5
3.376	25.0
3.370	33.0
3.365	41.6
3.360	48.5
3.354	51.6
3.349	50.4
3.344	45.9
3.338	39.9
3.333	33.8
3.328	28.5
3.322	24.2
3.317	21.0
3.312	18.7
3.306	17.0
3.301	15.8
3.296	15.0
3.291	14.6
3.285	14.6
3.280	15.0
3.275	15.7
3.269	17.0
3.264	19.8
3.259	24.9
3.253	32.3
3.248	40.7
3.243	47.8
3.237	51.8
3.232	51.7
3.227	48.1
3.221	42.4
3.216	36.4
3.211	30.9
3.205	26.4
3.200	22.8
3.195	20.0
3.189	18.1
3.184	16.7
3.179	15.6
3.173	15.1
3.168	14.7
3.163	14.7
3.157	15.1
3.152	15.9
3.147	17.3
3.141	20.2
3.136	25.2
3.131	32.5
3.125	40.6
3.120	47.4
3.115	51.6
3.109	52.3
3.104	49.6
3.099	44.8
3.093	39.2
3.088	33.7
3.083	28.9
3.077	22.8
3.072	20.9
3.067	19.0
3.061	17.5
3.056	16.4
3.051	15.6
3.045	15.1
3.040	14.8
3.035	14.8
3.029	15.2
3.024	16.0
3.019	17.4
3.013	20.2
3.008	25.0
3.003	31.8
2.997	39.7
2.992	46.8
2.987	51.6
2.981	53.3
2.976	51.8
2.971	47.8
2.965	42.5
2.960	36.9
2.955	31.9
2.949	27.6
2.944	24.0
2.939	21.2
2.933	19.2
2.928	17.6
2.923	16.4
2.917	15.6
2.912	15.2
2.907	15.0
2.901	15.0
2.896	15.4
2.891	16.2
2.885	17.3
2.880	19.7
2.875	23.7
2.869	29.7
2.864	36.9
2.859	44.0
2.853	49.4
2.848	52.5
2.843	52.7
2.837	50.4
2.832	46.0
2.827	41.1
2.821	36.0
2.816	31.3
2.811	27.4
2.805	24.0
2.800	21.4
2.795	19.4
2.789	18.0
2.784	16.8
2.779	16.0
2.773	15.4
2.768	15.2
2.763	15.1
2.757	15.3
2.752	15.8
2.747	16.7
2.741	18.3
2.736	22.2
2.731	26.1
2.725	31.7
2.720	38.1
2.715	44.5
2.709	49.8
2.704	52.9
2.699	53.4
2.693	51.5
2.688	47.7
2.683	42.6
2.677	37.4
2.672	32.6
2.667	28.5
2.661	25.3
2.656	22.6
2.651	20.3
2.645	18.7
2.640	17.5
2.635	16.6
2.629	15.8
2.624	15.3
2.619	15.1
2.613	15.1
2.608	15.1
2.602	15.5
2.597	16.4
2.592	18.0
2.586	20.6
2.581	24.6
2.576	29.9
2.570	36.1
2.565	42.5
2.560	48.0
2.554	52.0
2.549	53.7
2.544	53.3
2.538	50.9
2.533	47.1
2.528	42.5
2.522	38.0
2.517	33.7
2.512	29.8
2.506	26.6
2.501	23.8
2.496	21.4
2.490	19.7
2.485	18.3
2.480	17.2
2.474	16.4
2.469	15.8
2.464	15.4
2.458	15.3
2.453	15.4
2.448	15.5
2.442	15.9
2.437	16.7
2.432	18.1
2.426	20.5
2.421	24.0
2.416	28.6
2.410	34.1
2.405	39.9
2.400	45.4
2.394	52.8
2.389	54.3
2.384	54.7
2.378	53.4
2.373	50.9
2.368	47.2
2.362	42.9
2.357	38.6
2.352	34.6
2.346	30.8
2.341	27.5
2.336	24.8
2.330	22.4
2.325	20.5
2.320	19.2
2.314	18.0
2.309	16.9
2.304	16.1
2.298	15.7
2.293	15.4
2.288	15.2
2.282	15.0
2.277	15.2
2.272	15.6
2.266	16.3
2.261	17.5
2.256	19.4
2.250	22.0
2.245	25.6
2.240	30.4
2.234	35.6
2.229	40.6
2.223	45.0
2.218	48.6
2.213	51.4
2.207	52.9
2.202	52.8
2.197	50.8
2.191	47.2
2.186	42.6
2.181	38.2
2.175	34.4
2.170	31.3
2.165	28.5
2.159	26.0
2.154	23.9
2.149	22.0
2.143	20.4
2.138	19.1
2.133	18.0
2.127	17.2
2.122	16.4
2.117	16.0
2.111	15.6
2.106	15.3
2.101	15.1
2.095	15.1
2.090	15.1
2.085	15.5
2.079	16.0
2.074	16.9
2.069	18.3
2.063	20.4
2.058	23.2
2.053	28.4
2.047	32.0
2.042	36.5
2.037	41.5
2.031	46.0
2.026	50.1
2.021	52.8
2.015	54.4
2.010	54.7
2.005	53.5
1.999	51.2
1.994	48.3
1.989	44.8
1.983	41.1
1.978	37.4
1.972	33.8
1.967	30.6
1.962	27.8
1.956	25.5
1.951	23.4
1.946	21.5
1.940	20.0
1.935	18.8
1.930	17.9
1.924	17.1
1.919	16.4
1.914	16.0
1.908	15.6
1.903	15.3
1.898	15.0
1.892	15.0
1.887	15.0
1.882	15.0
1.876	15.3
1.871	15.8
1.866	16.4
1.860	17.6
1.855	19.2
1.850	21.3
1.844	24.2
1.839	27.7
1.834	32.0
1.828	36.6
1.823	41.2
1.818	45.5
1.812	49.4
1.807	52.4
1.802	54.4
1.796	55.2
1.791	55.1
1.786	53.7
1.780	51.6
1.775	48.9
1.769	45.6
1.764	42.3
1.759	38.9
1.753	35.6
1.748	32.5
1.743	29.7
1.737	27.3
1.732	25.2
1.727	23.3
1.721	21.8
1.716	20.5
1.711	18.7
1.705	18.1
1.700	17.5
1.695	16.9
1.689	16.5
1.684	16.1
1.679	15.7
1.673	15.4
1.668	15.3
1.663	15.1
1.657	15.0
1.652	15.0
1.647	15.0
1.641	15.3
1.636	15.7
1.631	16.2
1.625	16.8
1.620	17.8
1.615	19.2
1.609	21.0
1.604	23.4
1.599	26.2
1.593	29.5
1.588	33.2
1.582	37.1
1.577	40.6
1.572	43.8
1.566	46.8
1.561	50.0
1.556	52.9
1.550	55.1
1.545	56.2
1.540	56.2
1.534	55.2
1.529	53.4
1.524	51.0
1.518	48.1
1.513	45.0
1.508	42.0
1.502	39.0
1.497	35.9
1.492	33.0
1.486	30.6
1.481	28.2
1.476	26.2
1.470	24.6
1.465	23.0
1.460	21.6
1.454	20.4
1.449	19.5
1.444	18.7
1.438	18.1
1.433	17.6
1.428	17.2
1.422	16.8
1.417	16.4
1.411	16.0
1.406	15.8
1.401	15.6
1.395	15.5
1.390	15.4
1.385	15.3
1.379	15.3
1.374	15.3
1.369	15.4
1.363	15.4
1.358	15.5
1.353	15.7
1.347	16.1
1.342	16.5
1.337	17.1
1.331	17.9
1.326	19.1
1.321	20.6
1.315	22.4
1.310	24.7
1.305	27.4
1.299	30.4
1.294	33.8
1.289	37.4
1.283	41.0
1.278	44.6
1.273	48.0
1.267	51.2
1.262	53.8
1.256	56.0
1.251	57.7
1.246	58.7
1.240	59.1
1.235	58.8
1.230	57.8
1.224	56.4
1.219	54.5
1.214	52.2
1.208	49.8
1.203	46.8
1.198	44.2
1.192	41.4
1.187	38.9
1.182	36.4
1.176	34.0
1.171	31.8
1.166	29.7
1.160	27.7
1.155	26.1
1.150	24.6
1.144	23.2
1.139	22.0
1.134	20.9
1.128	20.0
1.123	19.2
1.118	18.6
1.112	18.1
1.107	17.5
1.101	17.1
1.096	16.7
1.091	16.3
1.085	16.0
1.080	15.8
1.075	15.6
1.069	15.5
1.064	15.4
1.059	15.4
1.053	15.3
1.048	15.1
1.043	15.0
1.037	15.0
1.032	15.0
1.027	15.1
1.021	15.0
1.016	15.0
1.011	15.1
1.005	15.1
1.000	15.3
0.995	15.5
0.989	15.6
0.984	15.8
0.979	16.0
0.973	16.4
0.968	16.6
0.962	17.1
0.957	17.6
0.952	18.3
0.946	19.1
0.941	20.0
0.936	21.1
0.930	22.3
0.925	23.7
0.920	25.3
0.914	27.1
0.909	29.1
0.904	31.3
0.898	33.7
0.893	36.1
0.888	38.8
0.882	41.3
0.877	43.7
0.872	46.4
0.866	48.8
0.861	51.2
0.856	53.5
0.850	55.4
0.845	57.0
0.840	58.0
0.834	58.8
0.829	59.6
0.823	60.4
0.818	60.8
0.813	61.0
0.807	60.8
0.802	60.4
0.797	59.4
0.791	58.2
0.786	56.9
0.781	55.3
0.775	53.7
0.770	51.9
0.765	50.1
0.759	48.1
0.754	45.8
0.749	43.7
0.743	41.5
0.738	39.5
0.733	37.8
0.727	36.2
0.722	34.7
0.717	33.4
0.711	32.1
0.706	30.9
0.701	29.7
0.695	28.4
0.690	27.2
0.684	25.6
0.679	24.8
0.674	24.0
0.668	23.3
0.663	22.6
0.658	21.9
0.652	21.3
0.647	20.5
0.642	20.0
0.636	19.6
0.631	19.2
0.626	18.6
0.620	18.2
0.615	17.8
0.610	17.4
0.604	17.1
0.599	17.0
0.594	16.7
0.588	16.5
0.583	16.3
0.578	16.2
0.572	15.9
0.567	15.9
0.561	15.7
0.556	15.7
0.551	15.4
0.545	15.3
0.540	15.1
0.535	15.0
0.529	14.8
0.524	14.7
0.519	14.5
0.513	14.5
0.508	14.4
0.503	14.4
0.497	14.2
0.492	14.3
0.487	14.2
0.481	14.1
0.476	14.0
0.471	13.9
0.465	13.8
0.460	13.8
0.455	13.6
0.449	13.6
0.444	13.5
0.438	13.5
0.433	13.5
0.428	13.5
0.422	13.5
0.417	13.5
0.412	13.5
0.406	13.5
0.401	13.5
0.396	13.5
0.390	13.4
0.385	13.4
0.380	13.4
0.374	13.4
0.369	13.4
0.364	13.4
0.358	13.4
0.353	13.4
0.348	13.4
0.342	13.6
0.337	13.5
0.332	13.5
0.326	13.4
0.321	13.5
0.316	13.5
0.310	13.5
0.305	13.5
0.299	13.5
0.294	13.5
0.289	13.6
0.283	13.6
0.278	13.6
0.273	13.6
0.267	13.6
0.262	13.6
0.257	13.6
0.251	13.7
0.246	13.8
0.241	13.9
0.235	13.9
0.230	14.0
0.225	14.1
0.219	14.1
0.214	14.2
0.209	14.1
0.203	14.1
0.198	14.2
0.193	14.2
0.187	14.2
0.182	14.2
0.176	14.3
0.171	14.3
0.166	14.3
0.160	14.4
0.155	14.4
0.150	14.5
0.144	14.5
0.139	14.5
0.134	14.5
0.128	14.5
0.123	14.5
0.118	14.5
0.112	14.5
0.107	14.5
0.102	14.4
0.096	14.4
0.091	14.4
0.086	14.4
0.080	14.4
0.075	14.5
0.070	14.5
0.064	14.5
0.059	14.5
0.053	14.5
0.048	14.5
0.043	14.5
0.037	14.6
0.032	14.6
0.027	14.6
0.021	14.6
0.016	14.6
0.011	14.6
0.005	14.3
0.000	14.2
-0.005	13.9
-0.011	13.8
-0.016	13.8
-0.021	13.8
-0.027	13.8
-0.032	13.9
-0.037	14.0
-0.043	14.0
-0.048	13.8
-0.053	13.8
-0.059	13.8
-0.064	13.8
-0.070	13.7
-0.075	13.8
-0.080	13.7
-0.086	13.7
-0.091	13.7
-0.096	13.7
-0.102	13.6
-0.107	13.6
-0.112	13.6
-0.118	13.6
-0.123	13.6
-0.128	13.6
-0.134	13.6
-0.139	13.6
-0.144	13.6
-0.150	13.6
-0.155	13.6
-0.160	13.6
-0.166	13.6
-0.171	13.5
-0.176	13.5
-0.182	13.5
-0.187	13.5
-0.193	13.5
-0.198	13.5
-0.203	13.5
-0.209	13.5
-0.214	13.4
-0.219	13.4
-0.225	13.4
-0.230	13.4
-0.235	13.4
-0.241	13.4
-0.246	13.4
-0.251	13.4
-0.257	13.4
-0.262	13.4
-0.267	13.4
-0.273	13.4
-0.278	13.4
-0.283	13.4
-0.289	13.5
-0.294	13.5
-0.299	13.6
-0.305	13.6
-0.310	13.7
-0.316	13.7
-0.321	13.7
-0.326	13.7
-0.332	14.0
-0.337	14.2
-0.342	14.5
-0.348	14.5
-0.353	14.6
-0.358	14.6
-0.364	14.8
-0.369	15.0
-0.374	15.0
-0.380	15.1
-0.385	15.2
-0.390	15.4
-0.396	15.7
-0.401	15.8
-0.406	16.0
-0.412	16.3
-0.417	16.6
-0.422	16.7
-0.428	17.0
-0.433	17.3
-0.438	17.6
-0.444	17.8
-0.449	18.0
-0.455	18.4
-0.460	18.8
-0.465	19.2
-0.471	19.6
-0.476	20.0
-0.481	20.5
-0.487	21.0
-0.492	21.6
-0.497	22.2
-0.503	22.8
-0.508	23.6
-0.513	24.5
-0.519	25.3
-0.524	26.5
-0.529	27.7
-0.535	28.8
-0.540	29.9
-0.545	31.3
-0.551	32.6
-0.556	34.3
-0.561	35.9
-0.567	37.8
-0.572	39.7
-0.578	41.7
-0.583	43.8
-0.588	46.0
-0.594	48.4
-0.599	50.8
-0.604	53.4
-0.610	55.6
-0.615	57.6
-0.620	59.3
-0.626	60.6
-0.631	61.8
-0.636	62.6
-0.642	63.2
-0.647	63.5
-0.652	63.6
-0.658	63.2
-0.663	62.4
-0.668	61.6
-0.674	60.2
-0.679	58.2
-0.684	55.6
-0.690	53.4
-0.695	51.0
-0.701	48.1
-0.706	45.2
-0.711	42.4
-0.717	39.5
-0.722	36.7
-0.727	33.8
-0.733	31.0
-0.738	28.3
-0.743	26.0
-0.749	24.0
-0.754	22.1
-0.759	20.7
-0.765	19.4
-0.770	18.5
-0.775	17.6
-0.781	16.8
-0.786	16.1
-0.791	15.7
-0.797	15.3
-0.802	15.0
-0.807	14.6
-0.813	14.4
-0.818	14.2
-0.823	13.9
-0.829	13.8
-0.834	13.8
-0.840	13.7
-0.845	13.7
-0.850	13.7
-0.856	13.7
-0.861	13.7
-0.866	13.7
-0.872	13.7
-0.877	13.8
-0.882	13.8
-0.888	13.9
-0.893	14.2
-0.898	14.4
-0.904	14.5
-0.909	14.8
-0.914	15.1
-0.920	15.2
-0.925	15.3
-0.930	15.4
-0.936	15.4
-0.941	15.4
-0.946	15.5
-0.952	15.9
-0.957	16.5
-0.962	17.4
-0.968	18.4
-0.973	19.6
-0.979	20.9
-0.984	22.1
-0.989	23.3
-0.995	25.0
-1.000	26.8
-1.005	28.8
-1.011	31.0
-1.016	33.5
-1.021	36.4
-1.027	41.0
-1.032	43.3
-1.037	46.1
-1.043	48.9
-1.048	51.7
-1.053	54.2
-1.059	56.5
-1.064	58.3
-1.069	59.6
-1.075	60.0
-1.080	59.6
-1.085	58.4
-1.091	56.3
-1.096	53.5
-1.101	50.2
-1.107	46.2
-1.112	42.0
-1.118	38.0
-1.123	33.9
-1.128	30.2
-1.134	26.8
-1.139	24.0
-1.144	21.6
-1.150	19.8
-1.155	18.3
-1.160	17.1
-1.166	16.3
-1.171	15.5
-1.176	15.1
-1.182	14.7
-1.187	14.3
-1.192	14.1
-1.198	14.0
-1.203	13.8
-1.208	13.8
-1.214	13.8
-1.219	13.8
-1.224	13.7
-1.230	13.7
-1.235	13.7
-1.240	13.8
-1.246	14.0
-1.251	14.4
-1.256	14.6
-1.262	15.0
-1.267	15.4
-1.273	15.9
-1.278	16.4
-1.283	17.2
-1.289	18.0
-1.294	19.0
-1.299	20.2
-1.305	21.7
-1.310	23.2
-1.315	25.1
-1.321	27.3
-1.326	29.8
-1.331	32.8
-1.337	36.0
-1.342	39.4
-1.347	43.0
-1.353	46.4
-1.358	49.5
-1.363	52.1
-1.369	55.5
-1.374	55.9
-1.379	55.9
-1.385	55.3
-1.390	54.1
-1.395	51.6
-1.401	47.6
-1.406	42.4
-1.411	36.9
-1.417	31.8
-1.422	27.5
-1.428	23.9
-1.433	21.0
-1.438	19.0
-1.444	17.4
-1.449	16.2
-1.454	15.4
-1.460	14.7
-1.465	14.3
-1.470	13.9
-1.476	13.6
-1.481	13.4
-1.486	13.3
-1.492	13.3
-1.497	13.3
-1.502	13.3
-1.508	13.4
-1.513	13.4
-1.518	13.8
-1.524	14.2
-1.529	14.6
-1.534	15.0
-1.540	15.8
-1.545	16.4
-1.550	17.3
-1.556	18.2
-1.561	19.6
-1.566	21.2
-1.572	23.0
-1.577	25.4
-1.582	28.1
-1.588	31.3
-1.593	34.8
-1.599	38.7
-1.604	43.0
-1.609	47.0
-1.615	50.7
-1.620	53.5
-1.625	55.0
-1.631	55.2
-1.636	54.0
-1.641	51.2
-1.647	47.2
-1.652	42.2
-1.657	37.0
-1.663	31.7
-1.668	27.1
-1.673	23.1
-1.679	20.3
-1.684	18.2
-1.689	16.7
-1.695	15.6
-1.700	14.8
-1.705	14.1
-1.711	13.4
-1.716	13.2
-1.721	13.0
-1.727	13.0
-1.732	13.0
-1.737	13.0
-1.743	13.2
-1.748	13.5
-1.753	13.8
-1.759	14.4
-1.764	15.0
-1.769	15.8
-1.775	16.6
-1.780	17.7
-1.786	19.0
-1.791	20.6
-1.796	22.6
-1.802	25.3
-1.807	28.4
-1.812	32.0
-1.818	36.2
-1.823	40.6
-1.828	45.2
-1.834	49.3
-1.839	52.1
-1.844	53.4
-1.850	53.0
-1.855	51.0
-1.860	47.0
-1.866	41.8
-1.871	36.2
-1.876	30.5
-1.882	25.7
-1.887	21.8
-1.892	19.0
-1.898	17.0
-1.903	15.4
-1.908	14.6
-1.914	13.8
-1.919	13.3
-1.924	13.0
-1.930	12.7
-1.935	12.7
-1.940	12.8
-1.946	12.9
-1.951	13.2
-1.956	13.6
-1.962	14.1
-1.967	14.9
-1.972	15.8
-1.978	16.7
-1.983	17.9
-1.989	19.6
-1.994	21.6
-1.999	24.2
-2.005	27.4
-2.010	31.3
-2.015	35.5
-2.021	40.2
-2.026	44.9
-2.031	48.6
-2.037	50.8
-2.042	51.1
-2.047	49.5
-2.053	45.2
-2.058	40.5
-2.063	34.9
-2.069	29.2
-2.074	24.4
-2.079	20.6
-2.085	17.8
-2.090	15.8
-2.095	14.6
-2.101	13.8
-2.106	13.1
-2.111	12.6
-2.117	12.2
-2.122	12.1
-2.127	12.2
-2.133	12.6
-2.138	13.0
-2.143	13.4
-2.149	14.0
-2.154	14.8
-2.159	15.8
-2.165	17.0
-2.170	18.8
-2.175	21.0
-2.181	23.8
-2.186	27.2
-2.191	31.3
-2.197	36.1
-2.202	40.9
-2.207	45.3
-2.213	48.2
-2.218	49.1
-2.223	47.9
-2.229	44.3
-2.234	39.2
-2.240	33.3
-2.245	27.6
-2.250	22.8
-2.256	19.1
-2.261	16.5
-2.266	14.8
-2.272	13.6
-2.277	12.9
-2.282	12.3
-2.288	12.0
-2.293	12.0
-2.298	12.1
-2.304	12.4
-2.309	12.8
-2.314	13.4
-2.320	14.2
-2.325	15.2
-2.330	16.4
-2.336	17.9
-2.341	19.9
-2.346	22.4
-2.352	25.6
-2.357	29.6
-2.362	34.3
-2.368	39.1
-2.373	43.5
-2.378	46.3
-2.384	46.8
-2.389	44.8
-2.394	39.8
-2.400	34.8
-2.405	29.1
-2.410	23.8
-2.416	19.8
-2.421	16.8
-2.426	14.8
-2.432	13.5
-2.437	12.7
-2.442	12.2
-2.448	11.8
-2.453	11.8
-2.458	11.9
-2.464	12.3
-2.469	12.7
-2.474	13.2
-2.480	14.1
-2.485	15.3
-2.490	16.6
-2.496	18.3
-2.501	20.7
-2.506	23.6
-2.512	27.4
-2.517	31.8
-2.522	36.2
-2.528	39.8
-2.533	41.8
-2.538	41.8
-2.544	39.4
-2.549	35.3
-2.554	30.2
-2.560	25.0
-2.565	20.6
-2.570	17.2
-2.576	14.9
-2.581	13.4
-2.586	12.6
-2.592	11.9
-2.597	11.6
-2.602	11.6
-2.608	11.6
-2.613	11.8
-2.619	12.3
-2.624	12.9
-2.629	13.8
-2.635	15.0
-2.640	16.6
-2.645	18.5
-2.651	20.9
-2.656	24.0
-2.661	27.9
-2.667	32.2
-2.672	36.1
-2.677	38.5
-2.683	38.8
-2.688	36.8
-2.693	32.7
-2.699	27.7
-2.704	22.8
-2.709	18.6
-2.715	15.8
-2.720	13.8
-2.725	12.6
-2.731	11.8
-2.736	11.0
-2.741	10.8
-2.747	10.9
-2.752	11.2
-2.757	11.4
-2.763	11.8
-2.768	12.6
-2.773	13.5
-2.779	14.8
-2.784	16.4
-2.789	18.7
-2.795	21.5
-2.800	25.1
-2.805	28.7
-2.811	31.8
-2.816	33.4
-2.821	32.9
-2.827	30.4
-2.832	26.4
-2.837	22.0
-2.843	18.2
-2.848	15.3
-2.853	13.4
-2.859	11.9
-2.864	11.1
-2.869	10.7
-2.875	10.4
-2.880	10.4
-2.885	10.4
-2.891	10.6
-2.896	11.1
-2.901	11.5
-2.907	12.3
-2.912	13.4
-2.917	15.0
-2.923	16.9
-2.928	19.4
-2.933	22.2
-2.939	24.8
-2.944	26.4
-2.949	26.8
-2.955	25.5
-2.960	22.8
-2.965	19.5
-2.971	16.4
-2.976	14.0
-2.981	12.2
-2.987	11.0
-2.992	10.2
-2.997	9.8
-3.003	9.6
-3.008	9.5
-3.013	9.5
-3.019	9.7
-3.024	10.1
-3.029	10.4
-3.035	11.0
-3.040	11.8
-3.045	13.2
-3.051	14.7
-3.056	16.5
-3.061	18.5
-3.067	20.2
-3.072	21.0
-3.077	20.8
-3.083	18.8
-3.088	16.4
-3.093	14.0
-3.099	12.2
-3.104	10.8
-3.109	9.9
-3.115	9.2
-3.120	8.8
-3.125	8.6
-3.131	8.6
-3.136	8.6
-3.141	8.7
-3.147	8.8
-3.152	9.1
-3.157	9.5
-3.163	10.2
-3.168	11.1
-3.173	12.4
-3.179	13.6
-3.184	14.6
-3.189	15.2
-3.195	15.1
-3.200	14.4
-3.205	13.1
-3.211	11.8
-3.216	10.4
-3.221	9.5
-3.227	8.7
-3.232	8.2
-3.237	8.0
-3.243	7.7
-3.248	7.6
-3.253	7.6
-3.259	7.6
-3.264	7.8
-3.269	8.0
-3.275	8.3
-3.280	8.7
-3.285	9.3
-3.291	9.9
-3.296	10.5
-3.301	11.0
-3.306	11.0
-3.312	10.6
-3.317	10.2
-3.322	9.4
-3.328	8.8
-3.333	8.2
-3.338	7.8
-3.344	7.4
-3.349	7.2
-3.354	7.1
-3.360	7.0
-3.365	7.0
-3.370	7.0
-3.376	7.0
-3.381	7.0
-3.386	7.2
-3.392	7.2
-3.397	7.6
-3.402	7.9
-3.408	8.0
-3.413	8.1
-3.418	8.3
-3.424	8.0
-3.429	7.8
-3.434	7.4
-3.440	7.2
-3.445	7.0
-3.450	6.8
-3.456	6.6
-3.461	6.6
-3.466	6.5
-3.472	6.5
-3.477	6.5
-3.482	6.5
-3.488	6.5
-3.493	6.5
-3.498	6.4
-3.504	6.5
-3.509	6.5
-3.514	6.6
-3.520	6.6
-3.525	6.6
-3.530	6.6
-3.536	6.6
-3.541	6.5
-3.546	6.5
-3.552	6.4
-3.557	6.4
-3.562	6.2
-3.568	6.2
-3.573	6.2
-3.578	6.2
-3.584	6.2
-3.589	6.2
-3.594	6.2
-3.600	6.2
-3.605	6.2
-3.610	6.2
-3.616	6.2
-3.621	6.2
-3.626	6.2
-3.632	6.2
-3.637	6.2
-3.642	6.2
-3.647	6.2
-3.653	6.2
-3.658	6.2
-3.663	6.2
-3.669	6.1
-3.674	6.1
-3.679	6.1
-3.685	6.1
-3.690	6.1
-3.695	6.1
-3.701	6.1
-3.706	6.1
-3.711	6.1
-3.717	6.2
-3.722	6.2
-3.727	6.2
-3.733	6.2
-3.738	6.2
-3.743	6.2
-3.749	6.2
-3.754	6.2
-3.759	6.1
-3.765	5.8
-3.770	5.7
-3.775	5.7
-3.781	5.7
-3.786	5.8
-3.791	5.8
-3.797	5.8
-3.802	5.8
-3.807	5.8
-3.813	5.9
-3.818	5.9
-3.823	5.9
-3.829	5.9
-3.834	5.8
-3.839	5.8
-3.844	5.8
-3.850	5.8
-3.855	5.7
-3.860	5.7
-3.866	5.7
-3.871	5.6
-3.876	5.6
-3.882	5.6
-3.887	5.6
-3.892	5.6
-3.898	5.6
-3.903	5.6
-3.908	5.7
-3.914	5.7
-3.919	5.7
-3.924	5.7
-3.930	5.6
-3.935	5.6
-3.940	5.6
-3.946	5.6
-3.951	5.6
-3.956	5.6
-3.962	5.6
-3.967	5.5
-3.972	5.5
-3.978	5.5
-3.983	5.6
-3.988	5.6
-3.994	5.6
-3.999	5.6
-4.004	5.6
-4.009	5.6
-4.015	5.6
-4.020	5.6
-4.025	5.6
-4.031	5.5
-4.036	5.5
-4.041	5.5
-4.047	5.5
-4.052	5.5
-4.057	5.5
-4.063	5.5
-4.068	5.6
-4.073	5.6
-4.079	5.5
-4.084	5.6
-4.089	5.6
-4.095	5.6
-4.100	5.6
-4.105	5.5
-4.111	5.5
-4.116	5.5
-4.121	5.5
-4.127	5.4
-4.132	5.4
-4.137	5.4
-4.143	5.4
-4.148	5.4
-4.153	5.4
-4.158	5.4
-4.164	5.4
-4.169	5.4
-4.174	5.4
-4.180	5.4
-4.185	5.4
-4.190	5.4
-4.196	5.4
-4.201	5.4
-4.206	5.4
-4.212	5.4
-4.217	5.4
-4.222	5.4
-4.228	5.4
-4.233	5.4
-4.238	5.4
-4.244	5.4
-4.249	5.4
-4.254	5.4
-4.260	5.4
-4.265	5.4
-4.270	5.4
-4.275	5.4
-4.281	5.4
-4.286	5.4
-4.291	5.4
-4.297	5.4
-4.302	5.4
-4.307	5.4
-4.313	5.4
-4.318	5.4
-4.323	5.4
-4.329	5.4
-4.334	5.4
-4.339	5.4
-4.345	5.4
-4.350	5.4
-4.355	5.4
-4.361	5.4
-4.366	5.4
-4.371	5.4
-4.377	5.4
-4.382	5.4
-4.387	5.4
-4.392	5.4
-4.398	5.4
-4.403	5.3
-4.408	5.3
-4.414	5.2
-4.419	5.2
-4.424	5.2
-4.430	5.2
-4.435	5.2
-4.440	5.4
-4.446	5.4
-4.451	5.4
-4.456	5.2
-4.462	5.2
-4.467	5.2
-4.472	5.2
-4.478	5.1
-4.483	5.1
-4.488	5.1
-4.493	5.1
-4.499	5.0
-4.504	5.0
-4.509	5.0
-4.515	5.0
-4.520	5.0
-4.525	5.0
-4.531	5.0
-4.536	5.0
-4.541	5.0
-4.547	5.0
-4.552	5.0
-4.557	5.0
-4.563	5.0
-4.568	5.0
-4.573	5.0
-4.578	4.9
-4.584	4.9
-4.589	5.0
-4.594	4.9
-4.600	5.0
-4.605	5.0
-4.610	5.0
-4.616	5.0
-4.621	4.9
-4.626	5.0
-4.632	5.0
-4.637	5.0
-4.642	5.0
-4.648	5.0
-4.653	4.9
-4.658	5.0
-4.663	5.0
-4.669	5.0
-4.674	5.0
-4.679	5.0
-4.685	5.0
-4.690	5.0
-4.695	4.9
-4.701	4.9
-4.706	4.9
-4.711	4.9
-4.717	4.9
-4.722	4.8
-4.727	4.9
-4.733	4.9
-4.738	4.9
-4.743	4.9
-4.748	4.9
-4.754	4.9
-4.759	4.9
-4.764	4.9
-4.770	4.9
-4.775	4.9
-4.780	4.9
-4.786	4.8
-4.791	4.9
-4.796	4.9
-4.802	4.9
-4.807	4.8
-4.812	4.8
-4.818	4.8
-4.823	4.8
-4.828	4.8
-4.833	4.8
-4.839	4.8
-4.844	4.8
-4.849	4.8
-4.855	4.8
-4.860	4.8
-4.865	4.8
-4.871	4.8
-4.876	4.8
-4.881	4.8
-4.887	4.8
-4.892	4.8
-4.897	4.8
-4.902	4.8
-4.908	4.8
-4.913	4.8
-4.918	4.8
-4.924	4.8
-4.929	4.8
-4.934	4.8
-4.940	4.8
-4.945	4.9
-4.950	4.8
-4.956	4.9
-4.961	4.9
-4.966	4.8
-4.971	4.8
-4.977	4.8
-4.982	4.8
-4.987	4.8
-4.993	4.9
-4.998	4.9
-5.003	4.9
-5.009	4.9
-5.014	4.9
-5.019	4.8
-5.025	4.8
-5.030	4.8
-5.035	4.9
-5.040	4.9
-5.046	4.9
-5.051	4.8
-5.056	4.9
-5.062	4.9
-5.067	4.8
-5.072	4.8
-5.078	4.8
-5.083	4.8
-5.088	4.8
-5.094	4.8
-5.099	4.8
-5.104	4.8
-5.109	4.8
-5.115	4.8
-5.120	4.9
-5.125	4.8
-5.131	4.8
-5.136	4.8
-5.141	4.8
-5.147	4.8
-5.152	4.8
-5.157	4.8
-5.162	4.8
-5.168	4.7
-5.173	4.8
-5.178	4.8
-5.184	4.8
-5.189	4.8
-5.194	4.8
-5.200	4.8
-5.205	4.8
-5.210	4.8
-5.216	4.8
-5.221	4.8
-5.226	4.8
-5.231	4.8
-5.237	4.8
-5.242	4.8
-5.247	4.8
-5.253	4.8
-5.258	4.8
-5.263	4.8
-5.269	4.8
-5.274	4.8
-5.279	4.8
-5.284	4.8
-5.290	4.8
-5.295	4.7
-5.300	4.7
-5.306	4.7
-5.311	4.7
-5.316	4.7
-5.322	4.8
-5.327	4.7
-5.332	4.7
-5.337	4.7
-5.343	4.7
-5.348	4.7
-5.353	4.7
-5.359	4.7
-5.364	4.7
-5.369	4.7
-5.375	4.7
-5.380	4.7
-5.385	4.7
-5.390	4.7
-5.396	4.7
-5.401	4.7
-5.406	4.7
-5.412	4.7
-5.417	4.7
-5.422	4.7
-5.428	4.8
-5.433	4.8
-5.438	4.7
-5.443	4.7
-5.449	4.7
-5.454	4.7
