MIN=0	-10	-1000
MAX=56.5685424949238	10	1000
SCALE=56.5685424949238	5	500
DEC=1	2	0
DEF="Time" t / s	"Current" I_A1 / A	"Magn. flux density" B_B1 / mT
0	0	0
0.099	0	0.5
0.199	0	0.5
0.299	0	0.5
0.399	0	0.5
0.499	0	0
0.599	-0.005	0.5
0.699	0	0.5
0.799	0	0
0.899	0	0
0.999	0	0.5
1.099	0	0
1.199	0	-0.5
1.299	0	0.5
1.399	0	-0.5
1.499	0	0
1.599	0	0
1.699	0	0
1.799	0	0.5
1.899	0	0.5
1.999	0	0
2.099	0	0
2.199	0	0
2.299	-0.005	0
2.399	0	0
2.5	-0.005	0
2.599	0	0
2.699	0.005	-0.5
2.799	0	0.5
2.899	0	0
2.999	0	0
3.1	0	0
3.199	0	0.5
3.299	0	-0.5
3.399	0	0
3.499	0	0.5
3.599	0	0.5
3.699	-0.005	0
3.799	0	0
3.9	0	0.5
3.999	0	0
4.099	0	0.5
4.199	0	0
4.299	0	0
4.4	0	0
4.499	0	0.5
4.6	0.035	2.5
4.699	0.2	12
4.799	0.1	6.5
4.899	0.15	9.5
5	0.12	8
5.099	0.13	8.5
5.199	0.12	8
5.299	0.1	7
5.4	0.115	7.5
5.499	0.315	22.5
5.6	0.92	59.5
5.7	0.64	43.5
5.8	0.79	52
5.9	0.83	55.5
6	1.06	70
6.1	1.24	83
6.2	1.525	103
6.3	1.54	103
6.4	1.61	109
6.5	1.75	117.5
6.6	1.735	117
6.7	1.735	117.5
6.8	1.76	118.5
6.9	1.79	121.5
7	1.77	119.5
7.1	1.775	119.5
7.2	1.78	120
7.3	1.78	120
7.4	1.92	130
7.5	1.835	124.5
7.6	1.89	128
7.7	1.86	126
7.8	2.09	143
7.9	2.12	144.5
8	2.115	144.5
8.1	2.1	144
8.2	2.125	145
8.3	2.11	143.5
8.4	2.12	144.5
8.5	2.11	144
8.6	2.365	162
8.7	2.55	174
8.799	2.46	169.5
8.9	2.54	174
8.999	2.585	176.5
9.099	2.565	175.5
9.199	2.6	177.5
9.299	2.745	187
9.399	2.67	183.5
9.499	2.71	185
9.599	2.695	185
9.699	2.725	186.5
9.799	2.715	186
9.899	2.745	187.5
9.999	2.75	188
10.099	2.755	188.5
10.2	2.765	189
10.299	2.83	193
10.399	2.805	192
10.499	2.835	193
10.599	2.885	196.5
10.699	2.88	196.5
10.799	2.925	200
10.899	2.93	200.5
11	2.95	201.5
11.099	2.94	201.5
11.199	2.975	203
11.299	2.955	202.5
11.399	2.975	203.5
11.499	2.98	204
11.599	3.02	207
11.699	3.02	207
11.799	3.175	217.5
11.899	3.08	212.5
11.999	3.15	216.5
12.099	3.245	222
12.199	3.34	229.5
12.299	3.555	243.5
12.399	3.51	241.5
12.499	3.54	242.5
12.599	3.535	242.5
12.699	3.545	243.5
12.799	3.53	242.5
12.899	3.535	243
12.999	3.755	258
13.099	3.665	253.5
13.199	3.815	262
13.299	3.88	266.5
13.399	3.865	265.5
13.499	3.89	267
13.599	3.99	273.5
13.699	3.935	271
13.799	3.96	272
13.899	3.99	274
13.999	4.03	277
14.099	4.01	275.5
14.199	4.03	276.5
14.299	4.04	277.5
14.399	4.105	281.5
14.499	4.08	280.5
14.599	4.085	280.5
14.699	4.09	281
14.799	4.19	287.5
14.899	4.14	285
14.999	4.175	287
15.099	4.17	286.5
15.199	4.34	298
15.299	4.335	298.5
15.399	4.375	301
15.499	4.335	298.5
15.599	4.365	300
15.699	4.355	299.5
15.799	4.67	319.5
15.899	4.595	316
15.999	4.785	326.5
16.099	4.71	323
16.199	4.725	323.5
16.299	4.78	326.5
16.399	4.855	331
16.499	4.835	330.5
16.599	4.835	330
16.699	4.925	335.5
16.799	4.93	336.5
16.899	4.945	337
16.999	4.935	336.5
17.099	4.94	337
17.199	4.935	336.5
17.299	5.25	355.5
17.399	5.175	352.5
17.5	5.285	358
17.599	5.37	362
17.699	5.35	361.5
17.799	5.355	361
17.9	5.475	368
17.999	5.415	365.5
18.099	5.45	367
18.199	5.48	368.5
18.299	5.665	379
18.399	5.65	377
18.499	5.665	378
18.599	5.815	384
18.699	5.77	384
18.799	5.8	385
18.899	5.795	385
18.999	5.815	386
19.099	5.82	385.5
19.199	5.825	386
19.299	5.83	386.5
19.399	5.825	386.5
19.499	5.83	386
19.599	5.835	386.5
19.699	6.115	400
19.799	5.97	395
19.899	6	396
19.999	6.02	397
20.099	6.13	400.5
20.199	6.105	399.5
20.299	6.11	400
20.399	6.11	400
20.499	6.155	401
20.599	6.135	400.5
20.699	6.14	400.5
20.799	6.135	401
20.899	6.195	403
20.999	6.18	402.5
21.099	6.18	402.5
21.199	6.18	402.5
21.299	6.185	403
21.399	6.22	404
21.499	6.24	405
21.599	6.26	405.5
21.699	6.285	407
21.799	6.335	409.5
21.899	6.425	412.5
21.999	6.365	411
22.099	6.37	410.5
22.199	6.36	410.5
22.299	6.385	411.5
22.399	6.54	416.5
22.499	6.55	417
22.599	6.525	416.5
22.699	6.525	416
22.799	6.54	417
22.899	6.56	417.5
22.999	6.575	418
23.099	6.58	418
23.2	6.585	418.5
23.299	6.625	420.5
23.399	6.64	421
23.499	6.655	421.5
23.599	6.66	421.5
23.7	6.66	421.5
23.799	6.73	424
23.899	6.7	423
23.999	6.705	423
24.1	6.71	423.5
24.2	6.71	423
24.299	6.785	426
24.399	6.745	425
24.499	6.765	425
24.6	6.86	428.5
24.699	6.83	427.5
24.799	6.835	428
24.899	6.85	428
25	6.845	428
25.101	6.845	428.5
25.199	6.845	428.5
25.3	6.925	430.5
25.399	6.945	431.5
25.5	6.965	432
25.6	6.96	432
25.7	7.045	435.5
25.8	7.08	436
25.9	7.13	437.5
25.999	7.14	438
26.1	7.28	442
26.199	7.235	440.5
26.3	7.245	441
26.4	7.28	442
26.5	7.3	442.5
26.6	7.325	443.5
26.7	7.33	443
26.8	7.37	444.5
26.9	7.36	444.5
27	7.355	444
27.1	7.355	444.5
27.2	7.4	445.5
27.3	7.42	446.5
27.399	7.42	446
27.5	7.43	446.5
27.6	7.5	448.5
27.7	7.485	448
27.8	7.48	448
27.9	7.49	448
28	7.49	448
28.1	7.49	448
28.2	7.49	448
28.3	7.49	447.5
28.4	7.485	448
28.5	7.525	448.5
28.6	7.53	448.5
28.7	7.52	448.5
28.8	7.52	448.5
28.899	7.515	448.5
29	7.52	448.5
29.1	7.535	449
29.2	7.54	449
29.3	7.555	450.5
29.4	7.625	452
29.5	7.725	454.5
29.6	7.735	454
29.7	7.73	454.5
29.8	7.815	456.5
29.9	7.805	456.5
30	7.81	456.5
30.1	7.81	456.5
30.2	7.81	456.5
30.3	7.975	461
30.4	7.94	460.5
30.5	7.935	460
30.6	7.93	460
30.7	7.94	460
30.8	7.945	460.5
30.9	7.92	459.5
31	7.92	459.5
31.1	7.925	460
31.2	7.92	460
31.3	8.04	462.5
31.4	8.04	462.5
31.5	8.025	462.5
31.6	8.015	462
31.7	8.015	462.5
31.8	8.02	462.5
31.9	8.015	461.5
32	8.08	464
32.1	8.095	464.5
32.2	8.1	464
32.3	8.11	464
32.4	8.145	465
32.5	8.135	465
32.6	8.135	464.5
32.7	8.13	464.5
32.8	8.235	467.5
32.9	8.23	467
33	8.23	467
33.1	8.26	467.5
33.2	8.315	469.5
33.3	8.295	469
33.4	8.3	469
33.5	8.3	468.5
33.6	8.385	471
33.7	8.36	470.5
33.8	8.355	470.5
33.9	8.355	470.5
34	8.36	470.5
34.1	8.36	470.5
34.2	8.36	470.5
34.3	8.36	470.5
34.4	8.365	470.5
34.5	8.365	470.5
34.6	8.52	474
34.7	8.49	473.5
34.8	8.51	474
34.9	8.525	474.5
35	8.67	477.5
35.1	8.625	477
35.2	8.625	477
35.3	8.625	476.5
35.401	8.625	477
35.5	8.625	477
35.6	8.625	476.5
35.7	8.63	477
35.8	8.63	477
35.9	8.625	477
36	8.625	476.5
36.1	8.625	476.5
36.202	8.63	477
36.3	8.63	477
36.4	8.63	477
36.5	8.635	477
36.6	8.635	477
36.7	8.635	477
36.8	8.635	477
36.9	8.635	477
37	8.635	477
37.1	8.635	477
37.2	8.635	477
37.3	8.635	477
37.4	8.635	477
37.5	8.635	477
37.6	8.635	477
37.7	8.635	477
37.8	8.64	477
37.9	8.635	477
38	8.64	477.5
38.1	8.64	477
38.2	8.64	477
38.3	8.64	477
38.4	8.64	477.5
38.5	8.64	477
38.6	8.64	477
38.7	8.64	477.5
38.8	8.635	477
38.899	8.66	477.5
39	8.835	482
39.1	9.11	487.5
39.2	9.195	489
39.3	9.195	489.5
39.4	9.2	489
39.5	9.2	489.5
39.6	9.2	489
39.7	9.2	489.5
39.8	9.2	489
39.9	9.2	489.5
40	9.2	489
40.1	9.2	489
40.2	9.2	489.5
40.301	9.2	489.5
40.4	9.2	489.5
40.5	9.205	489.5
40.6	9.205	489.5
40.7	9.205	489.5
40.8	9.2	489.5
40.9	9.205	489.5
41	9.2	489
41.1	9.205	489.5
41.2	9.2	489.5
41.3	9.2	489
41.4	9.205	489
41.5	9.2	489.5
41.6	9.2	489
41.7	9.2	489
41.8	9.2	489
41.9	9.2	489
42	9.2	489.5
42.1	9.2	489.5
42.2	9.2	489
42.3	9.2	489
42.4	9.2	489
42.5	9.2	489
42.6	9.2	489
42.7	9.2	489
42.8	9.2	489.5
42.9	9.2	489
43	9.2	489
43.1	9.2	489
43.2	9.2	489
43.299	9.2	489
43.399	9.2	489
43.5	9.2	489
43.599	9.2	489
43.699	9.2	489.5
43.8	9.2	489.5
43.899	9.2	489.5
43.999	9.2	489
44.099	9.2	489
44.2	9.2	490
44.299	9.2	489
