0	452.49299694323224	157618.61014136937
1	552.8645481789729	197985.81195538823
2	567.9822551777605	194309.24072552013
3	387.666114728672	193408.544373774
4	505.80354234438863	198221.4273713801
5	488.11584956632356	193950.51009112268
6	575.5144471623692	187852.370122274
7	361.83356551522775	185341.78990983128
8	398.9616400495255	184336.8492561789
9	255.45914903549513	183884.20168524404
10	445.10654903132064	183562.94212018145
11	288.9719688617198	183894.9397725119
12	314.5842728984077	183942.57379593424
13	682.9435134866203	183753.90270645142
14	766.9981144259266	183678.0387002701
15	490.995561412006	183919.3468716867
16	195.17639734911785	183517.2850905904
17	326.3004390567641	183642.59112662938
18	618.7277159547788	183549.57885164436
19	312.5487208578148	183599.639187535
20	-21.78587891551971	183125.2520492659
21	269.6438671698647	183250.24031077692
22	296.77987403535076	183087.5060445158
23	329.028731019114	183306.36762541468
24	16.083764634063147	183428.883542292
25	497.4781830745794	183319.3823366592
26	165.08554610993602	183247.40396241157
27	230.01646941746023	183564.94919955765
28	321.3078372220873	183652.8851059919
29	427.8213521596441	183694.86278582868
30	406.97140172012513	184012.36287852205
31	311.4060212117131	184158.11360456713
32	326.6945551595098	183822.07814553587
33	191.1883942753617	183694.2291671458
34	699.549400758068	183776.51844608213
35	335.5235727750844	184563.3642222569
36	392.57952252782417	191135.8595064796
37	617.94117926643	199893.37330068235
38	720.9578566396063	203734.65485281366
39	329.54628852632067	211777.1480868462
40	688.8359590756585	200671.0595056393
41	447.99355982650366	187810.52675690188
42	225.53699725356753	183519.08252144707
43	204.98528921840122	182516.6984031279
44	498.1700370440229	182313.50556400305
45	67.608640223444	182569.32812258194
46	-1.3896095209036243	182581.8263597776
47	237.00279932742453	182527.58360610306
48	289.8146303231475	182410.1534618218
49	352.1682053962786	182537.52046848438
50	108.65041282662125	182257.55002980249
51	-2.332661648750934	182319.2305319927
52	360.6412311661021	182041.79453156976
53	148.98421442304647	182205.24900840726
54	184.2360354928305	182212.36750369653
55	475.3726063838432	182083.76557746716
56	529.2721196519946	182131.77514555337
57	417.3621222363267	182333.1963359943
58	179.5716332456927	182532.54173261827
59	86.06695241661774	182200.1777203554
60	443.0004864221051	182060.1819627165
61	344.5379355623546	182147.59576046304
62	493.2915701555596	182197.47350714175
63	523.4494171006495	182072.8454018171
64	368.3549379024144	181657.0251968776
65	359.8807581043974	181827.71358032385
66	187.83721635719718	181727.56873024313
67	638.9052169617557	181815.57833256037
68	503.0205397654647	181993.27167498274
69	362.78301483613535	181743.9334356418
70	420.36550698920695	181803.23957196143
71	630.6709661488413	181432.4666689033
72	157.61374508845924	181705.0911031408
73	514.4804620784826	181796.2678916642
74	454.0604067432056	181382.43434093404
75	121.27374790459423	181485.74857097986
76	363.70010708208025	182060.50415644314
77	479.5824472892489	182700.98537553663
78	649.5449574869543	183519.51803229225
79	403.7578346708895	183801.96679687465
80	496.5264020318909	182436.91330865663
81	465.45320567182983	181741.3975997566
82	214.5049714326881	183186.42600289377
83	756.0624294576172	184854.1155782151
84	186.4426543485339	186825.49378976363
85	319.6474410609586	188032.21603982412
86	405.51792668721487	184679.13372009122
87	529.7230860712006	182234.92332859602
88	559.3675849033674	181534.97436027715
89	561.2503500327089	181083.29582101974
90	445.8249898235974	181074.95471175938
91	483.3803367090095	181207.89296996754
92	482.30625531703737	181316.06998317543
93	258.1190359119568	181144.86115061943
94	328.6951600783917	181218.2640126624
95	478.11810334518844	181303.5453513368
96	58.25496825744839	181360.96065719344
97	378.05923577439177	181542.22590975254
98	645.6647534669793	182183.90804819873
99	603.3980439358099	188638.03677829076
100	193.48204665394613	210245.81112662453
101	406.8265450776982	227066.09782945176
102	325.9217412422897	250014.37097192096
103	505.15942436241323	239737.9716162363
104	338.00357284685913	218120.09068253823
105	401.5483347620951	204658.65796996842
106	561.9005698594441	189641.78687175337
107	290.61027249259723	182928.96537527308
108	418.3259098036535	181014.08691499915
109	98.31761207941392	180822.8589030969
110	237.93063572568332	180577.03326520292
111	130.96592037786624	180401.8582357635
112	559.0282649633187	180321.62920951447
113	635.8315865122717	180286.65908974316
114	78.93322997667893	180569.65551276726
115	238.23214631607922	180350.94984990987
116	76.4381140047524	180537.72567946534
117	269.3856330943095	180272.04952985546
118	313.43830438572815	180650.27299931014
119	356.5885361612865	180645.70053010085
120	68.02533314313976	180850.66127518736
121	693.5769390513613	180766.10479677512
122	482.98210722132035	181202.55594384283
123	655.4451386951343	182194.61205511942
124	251.72044992569772	192221.02418806782
125	553.0686406543409	231803.42200035526
126	423.2590569700167	265623.97322873544
127	480.9105850704198	292992.57791135885
128	221.5725094245182	263316.2400004607
129	581.4106871219556	209268.12302040617
130	465.55874374019993	186111.68562528671
131	405.91675266590556	181366.79318441983
132	354.00162582766797	180527.07099605617
133	493.2724063222408	180213.13376488417
134	309.7770698843939	180245.7559592321
135	623.8754126413982	180603.44708386296
136	316.3450247490215	180611.69601762632
137	292.07267098922665	180732.76977756733
138	658.1060593465536	180654.80118480895
139	408.23681036163987	180357.50045343206
140	557.9514823320752	180298.719591966
141	147.15943843838002	181014.09634155408
142	421.45199828834427	184521.83430801285
143	472.3601342020209	209926.4809487289
144	56.94347095583988	247149.68557171212
145	225.97499615479933	285539.57295461243
146	529.9921380379263	279969.16933764896
147	563.4144208076351	218623.80580925147
148	500.0019056107561	189707.1007739994
149	307.75272118240804	182249.41208440592
150	178.13333962613396	180444.0422767813
151	427.9316819455147	179993.049907542
152	267.65701621291964	179740.81138739458
153	143.85221286676253	179712.51064099176
154	504.8966423742016	179867.7466548012
155	285.2313677539316	179478.32435827062
156	431.88008908147873	179788.0832812898
157	226.83578961898846	179573.4508237258
158	458.4449591426188	179616.17307774295
159	446.72872609826925	179628.51226007065
160	120.47512293286245	179443.89990191974
161	49.05951176517469	179208.80816683557
162	139.185136886677	179620.06940251368
163	512.7803845410637	179986.80749043913
164	512.967750005324	180645.2817421172
165	478.95460379323424	181608.9856277801
166	583.0311964958579	181209.1596618415
167	352.31052216220166	180256.87912059826
168	503.8283980267351	179457.2121224492
169	229.5459550438265	179375.8900804881
170	95.82301228633506	179151.291249955
171	727.9407307617885	178984.22631869168
172	519.2808593078162	179457.56061741852
173	295.9758910819371	179301.9242512044
174	578.8016860310743	179328.44372775432
175	618.8797585213355	179193.2376753852
176	437.9762273993609	178944.84365564896
177	285.97140598220443	179032.95931998454
178	451.5654461020271	179141.65524987967
179	305.9894188246468	178965.41599907973
180	538.7895077647113	179009.2725373886
181	587.4138808965839	179357.0778884734
182	555.7032869521696	179285.39755299894
183	427.49632236970575	179349.40211685663
184	257.96567467109406	179209.2849919522
185	246.42208422440297	178815.1845792436
186	407.05635996678456	178862.6285313652
187	527.0293896430087	179014.33329340885
188	105.71266922052104	178829.73751031753
189	-13.183902918383538	178647.47794187203
190	355.4461227333665	179005.32650693404
191	465.3662126566833	178639.3509102304
192	480.0934968594271	178722.29872669975
193	212.93561579588888	178662.85746332005
194	611.81529161862	178715.39884017545
195	568.3408563425404	178685.3599490133
196	448.16926376483525	178690.20608626195
197	444.1012714561619	178720.87103730158
198	404.7066817969344	178670.66876444878
199	609.2181321872774	178731.7312594294
200	565.4898983003992	178473.85982181795
201	376.95346884535263	178318.2044127872
202	420.1271480806234	179035.88984323863
203	-294.4830128546995	178689.17242192297
204	-420.806474148866	178146.1871028524
205	448.60495044063157	178847.65006418337
206	791.786035563182	178324.82186722697
207	760.9025013600659	178480.39602749544
208	653.2459422286925	178985.51106201703
209	588.3244784952772	180498.19345007348
210	352.1705461534226	181801.60376577202
211	255.72817283261355	182364.70415006587
212	554.225841910127	180123.83851357875
213	783.3860680799011	178915.037711532
214	373.3305884788463	178721.33370814903
215	427.1397796125352	178484.8114391837
216	381.78418055321686	178271.55360270702
217	361.99062233586363	178085.82340832966
218	213.46847986422995	178229.4497858951
219	677.1224756633229	178297.32340922242
220	432.69695361854156	178099.02036218077
221	-123.39899616284372	178139.7140263705
222	522.3591091279303	178427.9546432804
223	506.154514836741	178128.96591830344
224	630.1057617408319	178112.42700632277
225	-96.62333646049619	177923.9439432514
226	525.0869092030855	177903.40391475978
227	352.7522379595857	178295.73727046794
228	415.02256620061854	178635.75508053828
229	620.5044868117408	179143.80455998817
230	764.2492342325517	179752.56757496987
231	467.01543356328426	179790.80915661462
232	428.46400331796235	180226.8317069651
233	370.5290424073076	179593.53176868302
234	275.6970103575507	178780.50689738852
235	590.2558609386693	178177.30518676087
236	566.2876934488537	178005.33514112592
237	422.36100520529516	178131.6978707465
238	449.8690016344741	177986.23055467996
239	500.56937752938984	178079.35465565728
240	478.4974247479364	178035.20030370104
241	499.79486910608813	177946.88949198992
242	391.4138302159006	178028.26369448635
243	407.91386425853386	178014.70989366638
244	844.8501235573472	177754.47556781085
245	543.9333052472673	178683.23387397864
246	527.4285113040305	179125.29960586777
247	834.6173661634255	178744.97590025657
248	186.5484852001752	178365.01351425846
249	555.4962467901244	178339.44840029825
250	470.1645873251418	178100.27559420123
251	137.75985250057605	178697.75155105855
252	553.6888137742521	178961.42412963326
253	577.7815912495631	178967.00243886132
254	431.6537615926063	178653.67751528928
255	477.551167352841	178307.33836072194
256	689.8855145176125	178080.96879148437
257	376.6134699321702	177749.00720417887
258	480.0164284393916	178103.06463331726
259	457.30091823434947	179050.8744200289
260	235.04119315258188	188052.3135393066
261	418.5254894565919	212565.42715841302
262	260.702315538429	233297.62260682933
263	186.54506011946108	224543.38155743136
264	332.76988349378036	198165.02851972243
265	260.90228588500787	184229.8176402173
266	582.0486074790092	179086.96923762286
267	537.3359853853867	178058.96973221848
268	180.51970182747542	177860.82703059103
269	281.05882061052665	177933.62246657614
270	361.51674954007984	178287.90844422134
271	642.4778444048691	178604.94278312975
272	451.595243176928	178373.34569041457
273	180.63742475157176	178192.43398070053
274	463.76184955971513	177961.3307524134
275	505.77215884977994	177576.17185415464
276	303.3734668993634	177551.69329094337
277	612.6866573407498	177615.65701566503
278	85.79536422931297	177905.12847344618
279	637.5387320401164	177701.0193723623
280	362.47724356717436	177605.89884625515
281	196.24424064787	177566.33919060254
282	651.0269520636028	177727.19394806988
283	220.48763638596728	177690.69027448108
284	166.31374687002747	177277.67006467064
285	274.81541277167923	177513.876859234
286	529.3076513789141	177370.55192037934
287	567.2204381085759	177317.56431968074
288	745.7630345476583	177612.4030076321
289	158.42454986321147	177498.81683736877
290	546.0607728928156	177654.92887851087
291	526.2176698760185	177875.05483878704
292	622.0979034152582	177684.55153138528
293	252.82919333129075	177902.9985839479
294	135.06489202127463	179591.1801692173
295	473.6841855277599	187374.04625800805
296	506.1999048939708	196522.68197933742
297	172.4987477417931	195320.629504141
298	530.7819451310415	185878.65466213677
299	203.83029292899636	180412.5887999444
300	585.6472794447086	178300.94168468603
301	520.3510679122253	179375.18080226288
302	183.41342237913904	183113.4757222843
303	480.34383231471134	187107.8988656473
304	383.3517676016598	185536.07012515195
305	468.133548081118	181190.62931748317
306	220.0934280486443	178631.51359565498
307	545.4801152518263	177841.7509495743
308	597.9627141875171	177317.8679873977
309	202.05825067389637	177349.25430453444
310	372.77041605061356	177344.85540294525
311	422.49932153722915	177568.22454719257
312	677.5303122151101	178053.10423782986
313	765.4468851516793	178301.07968138202
314	133.90617056838946	177785.9283718255
315	840.5582169702287	177462.24977461854
316	442.7614397297798	177318.77367476447
317	57.280576216958075	177235.96159292498
318	553.3131452540164	177145.64483320824
319	367.6514565135232	176932.9369468825
320	207.91515162644907	177164.01947501022
321	200.47984156321297	177147.49217809283
322	179.45658817888992	176994.4668905018
323	566.1340175773083	177005.8449706096
324	579.3997378697316	177077.3796270148
325	431.56978349941085	177019.09085416453
326	762.5481909068488	177111.78587909744
327	681.4435727905484	177049.80241553832
328	593.5855621174812	177156.88485976297
329	436.61139052111315	176951.75348866582
330	399.41808463913515	177029.94061365005
331	362.4917334801637	177148.37833251138
332	520.5822261571947	176950.00902906666
333	35.03586012255354	176864.05652999747
334	393.3851325815959	177125.7722398222
335	478.2310298931178	177127.14512741883
336	260.27176111210923	177094.74107271523
337	369.05435021480434	177287.60897517813
338	433.9918395174036	176984.6933035808
339	846.8932239373382	177042.2544929592
340	461.8834842698094	177153.78516943625
341	300.01456595458296	177009.7925727398
342	245.94773266456056	177063.5387473723
343	322.45308399632984	177128.59075132248
344	122.6922962194528	177426.80829279686
345	284.7336015847016	177443.673232141
346	772.2422237902488	177315.76962035388
347	678.0584981675315	177380.95855418642
348	622.5666455881006	177189.62707012374
349	619.1016264120631	176769.55359001097
350	559.3691148361023	176893.96370655304
351	328.14965168539646	177175.3682552127
352	156.3265303729151	177071.52352938234
353	597.152224854117	176705.20519280393
354	531.2604775683818	176729.59217596718
355	559.4568324109698	176864.83302939095
356	303.4048477825551	176782.75997030747
357	646.7167502786497	176899.2947028863
358	357.9065812709335	176915.3399661702
359	341.48514134612634	177002.05266493966
360	340.6838182919723	176813.87697101478
361	40.710210399438154	177020.9366460606
362	51.90955436973549	176908.08703996032
363	467.3564170514353	176896.56977541602
364	258.76836013677655	176950.3744979263
365	484.02073252893405	176579.0271563868
366	493.86578884615807	176833.79765176948
367	444.38129389273684	176881.27623372053
368	544.2731288121546	176677.0065348657
369	13.286946196541589	176711.41069111228
370	350.2091274095292	176806.6935049108
371	504.8666063820525	176868.60086707707
372	-166.83466334987523	176905.78657022736
373	90.69298648285337	176808.66873554504
374	466.10070656272393	176964.11505683736
375	318.77001385941367	177144.9772290723
376	261.92460802907857	177557.40870113065
377	703.4633555743366	178376.57278856268
378	542.4609233009209	178899.50404615683
379	339.1368586932495	179874.7474188365
380	745.7102479850047	190911.6305488959
381	595.1363178905303	221125.4047952184
382	427.1274933991249	237632.4037387065
383	299.14964845024076	212533.81316544747
384	306.4931769453229	192211.15262202147
385	164.7179166421289	181608.8875049254
386	499.79758120487116	178481.71775443613
387	256.9732929596897	178583.67157574036
388	499.5129795776301	183946.55524264387
389	949.1347087925553	193224.57476239186
390	392.4649972674123	194393.5612702587
391	339.8231289363137	185290.5437286473
392	553.5209543655525	180119.17825500184
393	548.6599275581339	177913.8678971342
394	325.5623857132205	177012.9291532119
395	378.03354641119205	176829.45278158173
396	437.0933780371833	176737.91083917022
397	287.30980377591425	176665.72919181664
398	284.1672498597467	176668.7646486653
399	599.517121375025	176609.020877499
400	488.95005721132384	176727.08170986714
401	530.3572427079436	176907.99402556315
402	802.4901893477922	176963.7010605132
403	275.10114180564676	176877.3283779808
404	451.1848075340097	176554.85939672598
405	730.2682111376585	176823.2993307972
406	515.7116816923674	176812.08309817407
407	807.8458701914896	176859.498401115
408	447.32717326943043	176861.55012704458
409	384.1219918586013	176595.77484326367
410	664.7141341367063	176846.86136923058
411	545.7709649107693	176597.24473463156
412	510.72489525245	176593.92761010994
413	395.9142255505735	176439.7554765087
414	373.32046191289845	176514.51161725438
415	470.8861973699171	176469.66325606118
416	508.03808429144544	176548.83812967685
417	416.1670795392815	176704.9833193292
418	543.3937288306134	176656.4928565571
419	459.3179651179206	176476.0078091038
420	514.9619803408456	176415.11318337155
421	306.4685316969614	176463.5410167429
422	274.00072378565676	176572.41491635412
423	677.436599083906	176985.20870066332
424	377.08622308633903	177703.72572264273
425	407.76660837105464	177799.25369474292
426	362.59789750460357	177295.39826607035
427	345.2724112133079	176927.84973799885
428	710.4186980223969	176618.4167907424
429	569.2807849263145	176618.9997598488
430	661.1169247942739	176541.80694256528
431	756.9847640715939	176771.82381172548
432	394.1570756293493	177809.18008212987
433	199.90208083452623	178179.78055354377
434	349.97142181962437	178236.11048241146
435	551.9410826779397	177795.5852946715
436	546.6472894737169	177347.60678889373
437	122.52907452212004	176963.773289801
438	535.7161413911522	177165.01318579167
439	472.76712646483963	178190.76558334008
440	636.0386731058109	178692.98337873942
441	639.1490017672919	177652.08392640614
442	513.108865262247	177080.6618579877
443	626.933193390028	176225.97481195017
444	349.4920440974402	176189.70629736182
445	262.2524138522712	175981.82632575894
446	423.07097202263475	176405.1358585305
447	443.18019314127935	176478.27832929604
448	498.98271582699624	176401.4730007881
449	377.2738337945291	176658.02710246737
450	515.7806586816916	176543.4942484306
451	525.4458542905063	176236.10208318642
452	443.99928923612146	176348.6015141197
453	454.3890640998317	176588.84027696357
454	444.15061991870687	176563.17679559928
455	323.37557959318474	176451.79360651635
456	360.33794429688203	177074.15602134794
457	398.5097126418609	177457.96895040493
458	321.69561096364845	177250.638869406
459	425.56039915449304	177022.10874560714
460	366.875535761069	178544.5873525261
461	288.67303561236247	182570.27896867247
462	604.3179582009191	184085.38496406947
463	683.885832472743	180400.6294537381
464	542.5286225345286	179718.19314841978
465	53.936149181405845	182323.88506920787
466	493.3662480801704	185516.68333138007
467	819.8407949816083	182642.5675648822
468	513.5377678847364	180298.2764971256
469	621.8576519857187	179018.2792916186
470	648.3805846278218	177932.34767944022
471	332.5734483009471	177249.82961542654
472	422.49060550117866	176764.05182912576
473	454.21354716373526	176605.24223258972
474	271.35462571224747	176707.76792261776
475	541.7203035024697	176891.81090132776
476	607.9039354434021	176979.83316859775
477	569.6536509293985	176820.88958948146
478	729.5902903182998	176882.5718137198
479	281.8830009622681	177694.2566493562
480	266.94715285538996	185090.059719775
481	364.06138060274253	232347.76896585882
482	398.22335076924406	409563.2128754519
483	508.3034136875476	613148.4329184875
484	478.9821252606651	515999.72015527607
485	670.3282486432948	355221.14562122466
486	410.4203830957794	254009.00572596263
487	223.8038155336514	205562.25905877716
488	313.6395343965469	187889.3172166415
489	193.72702914883214	181736.03992600727
490	317.28269028787355	179780.43929165462
491	522.0601752699125	179825.8907235106
492	584.0786110881646	180365.04312985775
493	702.6277437967522	179797.53753733312
494	336.27753191435335	178249.9070761531
495	235.3732533671835	177363.06657218482
496	731.6182377721552	176726.1300371502
497	380.70612623175543	176747.11504009785
498	389.95936778147416	176742.37793289404
499	478.66884116263117	176948.07211773898
500	386.2381322674364	176785.9749538159
501	312.77217889134465	176702.70746379506
502	442.86058102683927	176296.8446524681
503	292.20384963517733	176290.99113237936
504	304.8241797141462	176384.3232364978
505	604.7742523003028	176529.66592623192
506	522.8072165472004	176507.39353164428
507	625.9617020811465	176402.32425221035
508	767.5863397696005	176887.21682713839
509	568.8582392487101	177850.79150610845
510	601.7572802061994	181184.23472227575
511	572.4930546134208	183555.1026596308
512	739.737006018394	180476.4854546442
513	406.75489237131507	178442.14386745202
514	349.45996806674316	177167.1316115081
515	626.9068267768449	176618.27870341836
516	672.4841470853736	176479.30605965378
517	488.89771574212733	176370.0435618652
518	528.8952990887562	176443.90895308662
519	544.9167687277657	176137.8897596382
520	491.4274270891175	176185.40825007626
521	759.2628647201062	176169.98541114706
522	547.3584300213645	176103.81228393014
523	768.0267398380431	176151.64790563853
524	407.07480093343196	176334.63065332526
525	130.7848425559407	176142.33391464016
526	599.7041097372046	176486.2786957886
527	396.96438000485756	176322.4784193236
528	533.5506261736783	176132.00948820397
529	479.11727982081817	176397.6629328341
530	742.4499882754926	176631.32006319187
531	222.65010117368894	177357.0208579417
532	493.3442581232139	183093.0959070172
533	736.0700625673228	205537.66693400466
534	326.6272834683792	235486.75559568597
535	127.13124209969381	223859.5681330372
536	471.33033315826884	199243.83184142492
537	636.7240736174211	192468.22943258975
538	320.0023003988566	184039.39544210213
539	532.254917948712	180019.7608555874
540	439.2297714593374	178353.43414574696
541	690.8301288169696	177793.20202921124
542	879.6997766129448	177531.23716059106
543	569.5221435529147	177199.34469343864
544	301.4151401626358	176653.7103745887
545	858.2544613756401	176360.52329668574
546	426.92537188283114	176401.56705716864
547	211.74266051673297	176272.71438941156
548	419.4342907673374	176357.85064566694
549	322.88689160232366	176059.7026926908
550	229.82666638881872	176218.44762500422
551	455.72108214558995	176244.43272628158
552	669.7004744071172	175965.94865073528
553	799.2622629763409	176137.60389036682
554	249.76984566661255	176039.80792109357
555	85.11785363535934	176172.65665606633
556	507.5167517612124	176274.18611164732
557	215.2502343574313	176125.05258536883
558	579.3565655571208	175856.95822328728
559	394.9033905145956	176097.60241749798
560	358.5033997400137	176194.36738458747
561	621.6403186727468	176415.4452625694
562	270.96581914490423	176259.39932946258
563	519.0097230746234	176456.41860424477
564	415.539288081954	176138.6804495531
565	2074.015743355887	175958.8643664493
566	5774.549119703911	176219.7754872668
567	4623.406985372518	176000.61914054275
568	1751.8888821294697	176302.04457848013
569	2558.6332651969133	176041.3309264143
570	4417.272043106527	176154.2413791488
571	2945.5227453198986	176229.72053948237
572	198.39341621750341	176472.10060528753
573	437.1177203904299	176533.76528168406
574	285.7458320861853	176134.04842040464
575	926.8479041812723	176344.71924688003
576	1008.4026291804853	177176.1721797045
577	476.63559521136347	178254.57845652147
578	566.259038421487	192489.76104003584
579	389.0098609890769	264572.58756921213
580	410.7170183627059	425323.2864298321
581	521.1814862492122	429829.5259653481
582	675.6082695625224	280798.51238155295
583	710.7007425990021	233920.06419791596
584	319.1920810280187	207935.28647914284
585	178.14442410615501	196040.51083096015
586	469.9401991549091	186405.84025415685
587	623.3228609958501	181551.7063396928
588	378.31490842321114	179315.55492245208
589	202.6065326194063	177824.7494179262
590	627.8781475960527	176984.89644921903
591	419.07495547465004	177138.3177488038
592	478.46057275633086	176730.5680945326
593	696.4258161424729	176530.31190367008
594	611.5753195839928	176461.5126709462
595	377.3983479401601	176397.68541391636
596	235.6041823831565	177521.07775698949
597	430.6423429273403	183127.46719356749
598	268.05830961799484	192888.96930877844
599	317.0201277312872	189476.39816607945
600	323.64999600642506	181246.96612401897
601	552.5171249262802	178987.08196350324
602	437.81143372220185	177115.95850883168
603	496.7223387658956	176299.60762170804
604	590.822802717567	176271.31438987807
605	468.8427476248167	175804.15200215907
606	592.6714783583436	176123.54053621923
607	804.9959482679593	176040.35650389854
608	356.16838445332144	175741.82363859864
609	501.85850696628603	175479.8467944178
610	524.1540654702911	175690.45829565194
611	707.7174842439401	175779.0628628639
612	648.2210754564496	176334.56580901984
613	327.1439507650802	175879.2014936676
614	678.0962868907053	175952.16027793172
615	475.8181030233004	176373.14049656974
616	222.83493092129075	176276.56386393058
617	519.9711778318868	176164.52984491925
618	553.5075534105523	176013.02172738168
619	313.33175964518443	176315.88509894416
620	800.6857933648032	175728.70771851778
621	371.04114538105506	175653.39312235842
622	349.13898073762283	175874.42468539817
623	318.6635488961875	175978.77141603283
624	618.715135521284	176069.19191330715
625	483.9551680958085	175963.82004238127
626	659.6839725395865	175641.61299815224
627	746.8486486701968	175801.8577236127
628	458.63348099821866	175913.03072976795
629	360.6558987781608	176002.5758040291
630	489.5308761802358	175965.88406116428
631	472.23029303764366	175663.25960830765
632	789.2768519804272	175655.35183174786
633	553.8069191545113	175565.21629998524
634	696.886006528225	175764.80654913065
635	433.5415503801809	175658.76581997567
636	504.0413620571037	176070.30107083783
637	754.8329385774683	176165.01594514027
638	779.0911132266395	175575.77141422872
639	564.0027369443284	175610.38699175214
640	644.7216813858382	175487.463502014
641	570.0488201796323	175578.61296082547
642	600.0206337658317	175347.8349002876
643	732.409508765807	175509.31628320736
644	505.7826538742872	175690.80218953246
645	418.5971469037159	175636.47738926177
646	593.6267800259739	175737.16055748536
647	734.2830949675476	175360.31570169562
648	572.0661049133009	175444.13708135218
649	468.5825351474312	175704.5588188672
650	531.3879367328202	175468.83057330552
651	406.5014717713567	175704.02117410957
652	570.4589590880485	175887.18660021605
653	449.3167849464209	175532.11167343773
654	686.2540200913925	175529.26020163714
655	761.9419685220653	175469.171910893
656	221.4027013443477	175645.02227407068
657	368.7736632987911	175840.45511510817
658	641.5012366200106	175536.1131687238
659	780.6951265727018	175512.03727826625
660	577.6257499833296	175710.96199088526
661	641.5728620498996	175652.6553933695
662	852.7830089557577	175970.21451844604
663	619.9762843291938	175976.63373998622
664	698.8855236727412	176687.47730103927
665	982.3080949923201	176948.0899859798
666	435.3834533651327	176401.93578753245
667	269.38748341617395	176024.5429664774
668	564.133517595647	175825.000317748
669	510.55134960143835	175668.35217211288
670	920.1193409002695	175697.22942584302
671	530.5529838913778	175493.88780832864
672	458.53343002680685	175786.78896535333
673	747.9882685765234	175806.26825757872
674	713.0932853023717	175849.55382391863
675	792.7655922404168	177011.91852866812
676	181.95516324103133	179384.9793410859
677	415.60121783446374	178714.28683315887
678	686.9106076430677	177194.30860064673
679	209.55683091672591	176354.82962250977
680	643.2934218995485	175993.68618497814
681	595.6603395313389	175815.78409901078
682	658.9490143293107	175377.31173276296
683	390.4993940661796	175651.81260655363
684	530.8395901112275	175513.81013151674
685	569.505722492138	175484.477135165
686	523.0071225002208	175802.28056605824
687	850.7879808437249	175825.5179728237
688	990.6095767878196	175615.52621797036
689	416.9660301196844	175467.55334476233
690	393.55926631930987	175536.6313305016
691	693.7459483941387	175550.68700146457
692	380.9710095240448	175583.3401730318
693	659.0978974575103	175686.48262128988
694	302.97982616235697	175649.32692294626
695	349.8209874432187	175744.56869592742
696	838.1227490028866	175636.83022987112
697	625.7427210957961	175998.54782785324
698	370.96281760747564	175754.55736018377
699	794.7883917620168	175858.6809282669
700	460.6503820067526	175930.0449509438
701	560.9809781282926	176172.83325749412
702	740.3601314462982	176430.3300152022
703	541.1979977560657	176030.33344467788
704	649.2907343099822	175976.946526949
705	345.10012046990073	176318.51123263763
706	422.2246471443488	176134.2561560826
707	513.4788087104366	176647.367528532
708	631.681717568299	177628.10110079744
709	511.89566038667795	177261.17514887746
710	672.522222703426	176656.26984605467
711	699.5496491545754	176339.51155537914
712	730.2027378412821	176169.53800652054
713	552.6591114920543	176110.0025457163
714	641.3836199689648	175901.1577099799
715	1221.9253095379268	175766.82306223936
716	693.2686397340093	175605.89847520663
717	387.38082232560635	175848.5532482587
718	473.66978353602224	175946.623395236
719	437.97916571214967	176631.46842311654
720	546.5469776512416	177298.62501822293
721	474.06817148701555	176730.42537430802
722	569.8916336559529	176064.9958940503
723	556.7493309388708	175941.28889876124
724	789.8941265000327	175989.8268539411
725	726.0448765714166	175755.58451742245
726	451.64579051171495	175408.60390253243
727	1125.2079122970501	175407.12550158656
728	1098.585744171392	175495.81057739747
729	883.4249696493162	175703.93333892483
730	1312.0161238843891	179647.74722829444
731	1081.4261234426688	204858.54242877173
732	615.3431947793374	300585.62689991225
733	476.32416741032915	397003.6757489571
734	496.19496349466175	296277.4199611815
735	589.6512249456349	220646.88879133208
736	481.8661479736735	206962.5343576871
737	615.8828987225252	194381.11462436162
738	477.7776758225353	185383.64009710427
739	564.899374885139	180463.57242039568
740	572.6625017226708	178671.68241430953
741	462.44102290788425	177497.68186588207
742	732.1806360832735	178553.72620343565
743	683.5689720258184	183097.6238911399
744	625.6196792091109	184728.36402935375
745	723.0208157291673	179251.68059907088
746	680.0270665907326	177229.1106474372
747	620.7421984916803	176415.05388612504
748	571.9955778813259	175861.14035584804
749	483.238869114104	175294.03533733299
750	568.0945983604948	175311.85509395084
751	674.2789989854203	175856.95271882505
752	638.3138865509312	178465.8856508449
753	1071.524065300654	185744.0359659144
754	514.532853665085	192952.7505174226
755	155.77298596750055	192984.1717339266
756	571.8979472588857	183139.15252402477
757	790.791403887104	178468.531982205
758	541.4094392440791	177026.8158784121
759	645.1938627014763	176290.71236904172
760	734.1241557897016	175850.2711882376
761	358.46664716116686	175552.92850464032
762	332.4221351573224	148478.95815905347
763	312.2132967824391	96967.32190335297
764	-7.664765327476761	45282.054798440426
