&b 	R_0 
28,50	0,300
28,51	0,467
28,52	0,425
28,53	0,358
28,54	0,367
28,55	0,408
28,56	0,367
28,57	0,433
28,58	0,408
28,59	0,342
28,60	0,367
28,61	0,192
28,62	0,342
28,63	0,333
28,64	0,292
28,65	0,333
28,66	0,325
28,67	0,383
28,68	0,308
28,69	0,375
28,70	0,408
28,71	0,483
28,72	0,350
28,73	0,342
28,74	0,400
28,75	0,350
28,76	0,367
28,77	0,200
28,78	0,308
28,79	0,375
28,80	0,367
28,81	0,442
28,82	0,358
28,83	0,350
28,84	0,342
28,85	0,417
28,86	0,483
28,87	0,533
28,88	0,475
28,89	0,333
28,90	0,308
28,91	0,383
28,92	0,442
28,93	0,408
28,94	0,317
28,95	0,308
28,96	0,408
28,97	0,417
28,98	0,367
28,99	0,300
29,00	0,350
29,01	0,417
29,02	0,283
29,03	0,492
29,04	0,275
29,05	0,342
29,06	0,392
29,07	0,367
29,08	0,392
29,09	0,375
29,10	0,392
29,11	0,333
29,12	0,275
29,13	0,375
29,14	0,417
29,15	0,342
29,16	0,383
29,17	0,475
29,18	0,375
29,19	0,342
29,20	0,458
29,21	0,275
29,22	0,517
29,23	0,342
29,24	0,492
29,25	0,375
29,26	0,333
29,27	0,475
29,28	0,342
29,29	0,442
29,30	0,433
29,31	0,508
29,32	0,467
29,33	0,442
29,34	0,408
29,35	0,433
29,36	0,567
29,37	0,425
29,38	0,483
29,39	0,517
29,40	0,400
29,41	0,550
29,42	0,400
29,43	0,567
29,44	0,417
29,45	0,483
29,46	0,392
29,47	0,475
29,48	0,542
29,49	0,600
29,50	0,950
29,51	0,892
29,52	1,208
29,53	1,700
29,54	2,142
29,55	2,650
29,56	3,342
29,57	3,517
29,58	4,425
29,59	4,575
29,60	4,742
29,61	4,742
29,62	4,883
29,63	4,533
29,64	4,250
29,65	3,642
29,66	3,150
29,67	2,850
29,68	2,367
29,69	1,675
29,70	1,608
29,71	1,142
29,72	0,950
29,73	1,042
29,74	0,750
29,75	0,558
29,76	0,692
29,77	0,375
29,78	0,558
29,79	0,483
29,80	0,450
29,81	0,500
29,82	0,483
29,83	0,417
29,84	0,475
29,85	0,475
29,86	0,550
29,87	0,367
29,88	0,492
29,89	0,367
29,90	0,433
29,91	0,417
29,92	0,442
29,93	0,517
29,94	0,483
29,95	0,417
29,96	0,408
29,97	0,508
29,98	0,500
29,99	0,442
30,00	0,500
30,01	0,392
30,02	0,450
30,03	0,433
30,04	0,508
30,05	0,483
30,06	0,425
30,07	0,342
30,08	0,467
30,09	0,450
30,10	0,458
30,11	0,333
30,12	0,425
30,13	0,375
30,14	0,458
30,15	0,492
30,16	0,400
30,17	0,500
30,18	0,408
30,19	0,450
30,20	0,408
30,21	0,392
30,22	0,350
30,23	0,458
30,24	0,367
30,25	0,483
30,26	0,475
30,27	0,408
30,28	0,400
30,29	0,492
30,30	0,433
30,31	0,325
30,32	0,492
30,33	0,350
30,34	0,358
30,35	0,425
30,36	0,450
30,37	0,433
30,38	0,317
30,39	0,308
30,40	0,558
30,41	0,383
30,42	0,392
30,43	0,375
30,44	0,442
30,45	0,367
30,46	0,408
30,47	0,367
30,48	0,433
30,49	0,358
30,50	0,317
30,51	0,400
30,52	0,358
30,53	0,342
30,54	0,425
30,55	0,333
30,56	0,292
30,57	0,442
30,58	0,558
30,59	0,417
30,60	0,300
30,61	0,383
30,62	0,433
30,63	0,408
30,64	0,392
30,65	0,467
30,66	0,442
30,67	0,350
30,68	0,325
30,69	0,533
30,70	0,467
30,71	0,475
30,72	0,408
30,73	0,350
30,74	0,358
30,75	0,350
30,76	0,433
30,77	0,317
30,78	0,408
30,79	0,325
30,80	0,517
30,81	0,375
30,82	0,325
30,83	0,483
30,84	0,333
30,85	0,433
30,86	0,325
30,87	0,542
30,88	0,358
30,89	0,417
30,90	0,400
30,91	0,367
30,92	0,325
30,93	0,425
30,94	0,358
30,95	0,400
30,96	0,392
30,97	0,458
30,98	0,400
30,99	0,358
31,00	0,350
31,01	0,350
31,02	0,400
31,03	0,333
31,04	0,417
31,05	0,408
31,06	0,383
31,07	0,225
31,08	0,408
31,09	0,333
31,10	0,375
31,11	0,342
31,12	0,383
31,13	0,342
31,14	0,333
31,15	0,292
31,16	0,442
31,17	0,367
31,18	0,392
31,19	0,283
31,20	0,383
31,21	0,408
31,22	0,333
31,23	0,400
31,24	0,342
31,25	0,342
31,26	0,375
31,27	0,467
31,28	0,417
31,29	0,358
31,30	0,408
31,31	0,350
31,32	0,300
31,33	0,433
31,34	0,275
31,35	0,367
31,36	0,417
31,37	0,425
31,38	0,383
31,39	0,408
31,40	0,483
31,41	0,317
31,42	0,367
31,43	0,433
31,44	0,375
31,45	0,450
31,46	0,467
31,47	0,442
31,48	0,483
31,49	0,467
31,50	0,525
31,51	0,617
31,52	0,508
31,53	0,625
31,54	0,767
31,55	0,833
31,56	0,817
31,57	0,775
31,58	0,767
31,59	0,967
31,60	0,933
31,61	0,900
31,62	0,967
31,63	0,750
31,64	0,758
31,65	1,092
31,66	0,742
31,67	0,683
31,68	0,467
31,69	0,575
31,70	0,642
31,71	0,300
31,72	0,467
31,73	0,392
31,74	0,492
31,75	0,408
31,76	0,325
31,77	0,408
31,78	0,308
31,79	0,425
31,80	0,358
31,81	0,483
31,82	0,467
31,83	0,433
31,84	0,350
31,85	0,375
31,86	0,425
31,87	0,433
31,88	0,392
31,89	0,425
31,90	0,492
31,91	0,408
31,92	0,442
31,93	0,392
31,94	0,292
31,95	0,525
31,96	0,467
31,97	0,392
31,98	0,383
31,99	0,400
32,00	0,542
