0	-138.25079241100534	141798.29722709768
1	-122.28019238338177	178601.25561859386
2	-197.21377915834032	178458.22573088398
3	6.860512198064049	178484.71295066783
4	335.62615521267867	178149.0655310208
5	270.71408381251206	177935.2265709189
6	55.67506463790365	177765.3703437813
7	-3.8643153894781324	177860.91063818906
8	165.34307395325547	177807.00145901702
9	186.2062753893253	177909.30472401745
10	-147.19872242841242	177775.67521104089
11	-112.14796802529058	177335.69850059654
12	-318.41981239188846	177867.5165485751
13	35.56655720733053	177885.6627026469
14	-113.38919887525823	177676.87122183703
15	7.836948317595267	177829.9944244195
16	-85.20302135965788	178135.79400172224
17	-143.4058177152404	177932.7765918859
18	-251.5880698746143	178250.02311401657
19	-89.06632447189729	178609.780397934
20	244.42338424585523	178221.73758826742
21	115.91599193870192	178006.4419784109
22	123.23112623310861	178424.82166620644
23	139.11368376824248	178578.57577750835
24	138.86778918092057	183647.55074156035
25	-82.42802201184787	192602.3115656578
26	285.0327966946109	196547.6469925452
27	162.22777666795105	208090.45332375675
28	87.13598804367271	198993.8143127171
29	-150.36372741995973	184033.77383616907
30	10.866765235246483	178441.92238443362
31	-26.148683830814242	176762.53847676772
32	-163.96280778420214	176809.22085027516
33	-89.24611326712608	176903.56743970345
34	240.91241718867784	176470.72845001513
35	-89.84506853671695	176784.01157975983
36	-314.676950181735	177136.57362781873
37	-45.41954071926055	177149.89057864662
38	-141.74680974076557	176748.77381416076
39	-41.96902389960639	176675.9471176782
40	-8.58663700658791	176637.54133137365
41	131.2960171177273	176384.07828256598
42	-155.9103931418581	176563.12729377553
43	-194.0647836322479	176669.57988042256
44	-133.12003109384474	176341.02124787317
45	-79.56509840861865	176561.3384532742
46	291.08743772300693	176523.80346898816
47	-369.78451603652303	176384.8124662056
48	-147.08583432751595	176399.19487000408
49	133.06648829729176	176479.83728004326
50	17.611093063421155	176245.1034117498
51	-137.1035368977249	176546.41336990503
52	-123.86899378680609	176151.79308512065
53	129.68395584006996	176095.3931966796
54	-62.538348992805865	176097.2104374917
55	208.89522723161298	176003.20104553085
56	-94.99336403164168	175894.00841257875
57	54.89590576486365	175984.75002692232
58	-216.05256276825628	176049.6883871292
59	-29.382151346469197	176033.37426254037
60	-182.99527879559588	175766.23653761932
61	-123.5494335539287	175798.26298843138
62	-160.65132656370608	175861.9485374206
63	-265.40319766155574	176025.39117170082
64	-467.342962922281	176591.30684739212
65	110.39913406309081	176953.2327492518
66	-0.02070510325655306	177574.43726457798
67	-120.48558295835576	177912.06324981622
68	46.33734694861516	176995.67980188745
69	144.843654320063	176290.96115285836
70	-40.65399836438202	176724.19624169782
71	-210.43939016214807	178327.77964203947
72	-83.9495432680088	179715.72429755132
73	362.84112927328556	181586.08796326883
74	42.2626087364697	179235.7783859205
75	232.2240305247362	176868.46735907873
76	350.54962251072857	175729.4082341632
77	-431.76920948806304	175299.7809174275
78	-74.12290650676088	175092.12847498103
79	86.6272059322192	175377.06126390045
80	-244.80793377274864	175125.11088076993
81	18.32723331817305	175095.40207339372
82	8.761392876715341	175432.41583191164
83	-270.89963809619394	175529.56509743986
84	-185.36398150313784	175646.92295404524
85	-126.41651391158071	175760.7219509076
86	274.8331416421423	176065.79271446512
87	152.72943376376594	180487.86068996205
88	-13.426513937567929	201096.58080456432
89	46.266129817630144	217277.97498830635
90	-281.92909720784127	244265.07244540233
91	-105.57225403594579	240863.20750882622
92	276.9014716647107	213642.39885985813
93	13.015784272649235	199559.24444123844
94	-145.2843822703594	184988.6671029707
95	243.2239804133894	177642.04899146565
96	-184.53549578415166	175497.77738756835
97	-197.29409802227588	175184.82701769457
98	0.3623267744983325	174966.70393138385
99	-332.31409516568596	174747.06382484807
100	-158.95089468772073	174816.1509379055
101	102.76281280381887	174879.17509808353
102	-69.32631148331842	174657.9679747873
103	-166.46328104161645	174753.32979096568
104	-174.34536974516521	174773.02171493063
105	46.88204297449859	174507.2551057441
106	-260.8864621928565	174661.86516235408
107	26.179283383647846	174783.99325109922
108	446.9737923355149	174598.2255650738
109	-172.2202126473768	174827.28124909117
110	-188.3003853897084	175189.0952389718
111	362.31117946058083	175845.13507115474
112	-240.75902291699097	182211.11794021475
113	-244.6697598655677	217638.75015914114
114	51.660161228705405	253815.79891264663
115	190.4462644356109	293575.8867157503
116	-54.99524638563693	277159.25714411953
117	-128.98867772561948	214303.61267641923
118	49.51857569804777	182848.08065173653
119	-13.329476825657864	175697.14486692016
120	237.7056594141085	174588.34888026118
121	-280.03777817778445	174430.55942230023
122	-14.661921575101806	174427.7021042773
123	288.182303019993	174339.57288199003
124	-189.69928700406587	174486.58946691424
125	30.19253476834482	174636.3950888432
126	-208.3349484897842	174346.34257082242
127	-181.6792308462814	174141.2133311472
128	18.486235488123864	174423.12285601886
129	-101.14141152533813	174946.31111425368
130	55.60438174783899	176330.07971024007
131	-266.60085161971074	192631.1228564746
132	-29.081800118523198	223739.19417569344
133	-36.06935546367957	256919.29612780028
134	25.98839691753965	268664.9844263702
135	257.22569530185154	219234.61396626418
136	-158.24927688556858	186007.28257855243
137	-342.2460176890298	176405.36624210767
138	-22.302419169088843	174587.5697777661
139	-31.620193031248117	174114.94582778556
140	-39.282353615512854	173809.47195340655
141	-272.91647473148134	174140.32790827483
142	-246.440043556405	174168.05075831682
143	-231.1812764765991	173751.2819161609
144	-367.7639365066591	173534.80585741423
145	-342.2448796970675	173435.64028483303
146	-169.1687374232949	173425.86968473584
147	-40.524993414547495	173089.0262172349
148	-127.82615019792436	173035.23586646147
149	-173.83594050678312	173299.93665394894
150	405.70898364189696	173550.1636946336
151	181.16173576493824	173599.25547676164
152	-206.36512042412716	174412.77199158337
153	332.04439227197497	175061.27908720652
154	95.1574928419738	175032.78336765815
155	-35.12806219656361	174086.44342562338
156	-203.632970045634	173377.32272914448
157	-188.17921180905168	173454.10866718745
158	44.64559144335553	173341.91478943598
159	-131.71804924523568	173445.70503605725
160	-251.2862018554225	173386.24555504913
161	-351.1172806428587	173158.12453392337
162	72.78669416665424	173038.55825000606
163	90.2130795055393	173159.78125219684
164	236.05914700080086	172910.14494919538
165	-250.66958814581892	173211.42081457505
166	-65.17694056172131	173146.89868731177
167	97.3641792470554	172969.09595488588
168	30.509550563502625	172945.60020973868
169	-138.11880939197204	173225.58903358373
170	-293.2939667773492	173428.6504994029
171	233.33716712280477	173225.91960882553
172	-70.98637060053993	172817.45471419595
173	204.9234498740352	172729.7502409792
174	-10.21028197427567	172695.7335910493
175	51.89979804234174	172618.22225330144
176	-441.6811988200475	172608.37634915113
177	-42.80031795208118	172772.080126136
178	203.7930350147985	172884.44380495042
179	-168.03000974731336	172887.49792826985
180	-451.0698936127454	172947.7771786536
181	-105.37620981378632	172580.64368900558
182	-0.6915272387232811	172457.45515499118
183	-338.9009287251364	172866.3922060591
184	-172.47997215344972	172755.36290741796
185	28.072031336940285	172800.347397993
186	144.31189993010497	172817.23527493322
187	-161.76841695359622	172354.2050027311
188	6.464322122643065	172400.23089592814
189	113.25091751962213	172316.46395161824
190	235.3824977189894	172570.2493755106
191	-5.223890559748039	172432.81107348425
192	98.09252010020846	172526.91029405512
193	26.64242384917661	172324.42826405828
194	87.66852839458276	172329.72871374362
195	75.0367911875936	172610.13484648877
196	298.2067419006953	172651.35696476357
197	193.27164624349683	173942.05333554526
198	-280.82049714846914	175348.63715962876
199	-26.200887862258817	176248.47603620845
200	282.62052920714603	175224.40442492944
201	182.88842495961953	173112.4154364104
202	-123.03263236065101	173173.871885213
203	-49.39241801875507	172989.83607647583
204	101.00521347146774	172523.39330373306
205	-77.66794253429842	172257.78075149338
206	64.05890671220673	172589.10953826655
207	-19.246084659296475	172308.54555996464
208	40.58100296988145	172222.95989766694
209	25.71100917554662	172001.56006780072
210	-5.617467881699234	172105.36401127942
211	-153.30176489491623	172444.13493249167
212	-170.07875220323407	171983.31338089885
213	5.342183763873923	171897.12266006428
214	87.39832026000555	171962.44290766408
215	100.75948330648713	172338.04565150154
216	-239.26291679938907	172401.29279375199
217	-31.096985450307805	172587.22369254002
218	-113.00934380148186	173581.26096450142
219	-130.59740606258623	173967.01675144103
220	77.5119538395121	174607.21546452795
221	-316.8461407337385	173976.2401926679
222	-41.188407542460084	172875.35535467218
223	149.73800249262317	172189.68662987935
224	0.6435911388679443	172200.23740434644
225	116.9246117114004	172033.67893263814
226	-59.35356107299981	171838.77111271874
227	286.4636267846178	171798.65214592256
228	-210.67841764707418	171748.95152256085
229	133.86487662021767	171656.48726837998
230	39.3321527535553	171831.37673955044
231	36.78312502757242	171696.62074015514
232	-210.77354748085187	172049.7927430394
233	-231.30235953799956	172471.49772258013
234	-107.93309377847442	172654.98913598587
235	47.19580985621482	172418.23787605017
236	-71.16061023904072	172391.4865804258
237	220.0033096431473	171922.6087177228
238	30.209211718695713	172488.27242748105
239	-173.7610515072518	172866.88640682132
240	86.33000569139743	173577.7389922115
241	-300.9682914118793	173970.98659945183
242	350.37040930237885	172753.2332906602
243	129.8697809556793	172227.72830904752
244	77.60818515505416	171896.9235868283
245	1.2930767004987347	171686.8996090285
246	-268.285095671401	172004.47172732654
247	-184.47841215606175	172551.57670932787
248	28.782493806544366	178416.71641472098
249	83.57677136154436	200586.5143039727
250	-136.03900027568233	226151.7587154126
251	30.793715023717112	228635.55186264703
252	-105.44835613734944	199938.3297693815
253	92.46594202149606	180751.639927055
254	36.80434786843224	173886.98379279423
255	-147.637581783216	172381.68645728807
256	-293.23561995333006	171669.8328627185
257	-81.36449833965852	171825.79385324093
258	-49.43627875209341	171974.4024195038
259	-111.10555676812614	172226.15971030845
260	88.58774882719742	172590.36153031295
261	-45.38981018544106	172147.4895205553
262	104.71066911045426	171965.4463426749
263	8.282594133891363	171837.14047248173
264	-185.51010696769896	171494.45419029816
265	-11.68268716926887	171272.9826622809
266	9.589927552072563	171307.32205405337
267	125.72776097976671	171243.9727465863
268	13.874312937823756	171097.24722831463
269	-129.62691321392805	170858.46568245356
270	155.6314167515546	171054.17637970348
271	128.4288251003252	171153.07028017903
272	129.76814506111134	171112.97914102772
273	8.743828328440472	171268.85005900683
274	119.2095144843471	171461.42086855273
275	193.65963146239466	171310.8426634317
276	20.306387080588387	171695.9480901091
277	95.9842440423923	172005.32463532148
278	98.70592743033629	172076.6315666659
279	82.26499145161992	171683.68545805616
280	29.717602831730957	171797.86590223393
281	-109.85497353348188	171529.8109624707
282	-120.50375893571392	172696.4971825594
283	100.85159053709273	178733.5959260723
284	233.88845350031397	188961.30578985938
285	-38.92127771009601	192356.97962338504
286	-152.5426178769077	182291.89695292845
287	-40.92361007056532	175380.62437418377
288	22.933056525218497	172317.6599059351
289	80.31111129521702	172209.89068302434
290	126.04366460714107	174887.292973014
291	-161.13782465026475	179518.21180909924
292	108.55193549185937	179767.54861557778
293	-7.93556164167812	175179.78926279064
294	-378.6089616192981	172261.70244307542
295	-1.2611429399290106	171250.79083721587
296	-29.35773790713008	170985.58834478786
297	161.56541431269608	171118.8980677514
298	67.75054227605708	171134.69710841405
299	-16.768257376234125	171370.41199452276
300	-131.74779754394052	171666.80347193882
301	-166.9318312788244	172099.39511064856
302	-11.388941346486774	171552.33070477712
303	18.434505535179046	171180.38645049458
304	-221.67999465869767	171079.5844826569
305	184.45335197905268	170863.9368610553
306	-148.08161612478006	171043.23774128262
307	-115.0025325065135	171012.72038769865
308	79.2204488917594	171057.49164900638
309	80.95434996467978	170862.91370136256
310	-63.18098040140603	170867.37875088528
311	-274.6639428736544	170868.00097187664
312	235.94948778355524	170761.26617866408
313	249.33439956123325	170814.25268719613
314	70.36862676445317	170821.57906005587
315	39.001493961568315	170923.69436713515
316	104.8813658984252	170946.76683677666
317	159.76994869891146	170900.58940152498
318	72.4731180596432	170776.33110496178
319	241.51199157579958	170917.12397881798
320	78.58338300105359	170729.38097061613
321	-232.75047956000802	170590.21953629947
322	216.0272591500018	170977.36868937718
323	98.11509735861243	170743.08931808439
324	97.59931386431586	170929.49168484184
325	-8.929301265989373	170605.7425877403
326	-266.5432807711022	170916.274578993
327	-151.04672661118585	170927.61388714548
328	90.74411636214242	170994.16671169302
329	103.28037080849558	170690.82845214749
330	138.08254255366847	170889.49848119213
331	-8.799635785884464	170867.13525930417
332	344.6987449291145	170805.22614109563
333	-87.11551959390226	170748.54453253714
334	-186.98012779945773	170877.8565415798
335	-78.3429600237126	170992.66837180156
336	-253.67905098703517	171055.96892761407
337	204.21082088104728	170812.17229314023
338	-61.7266996808861	170756.09966018924
339	-116.39624050958624	170693.2222589276
340	37.86670986113741	170779.32886137968
341	-12.562499241574919	171010.8435438396
342	-34.4562886086437	170675.3645785418
343	-20.985641886487368	170802.72061059164
344	-47.40868717764742	170715.72187265672
345	-233.43074517076164	170540.7754250565
346	183.95870734369083	170709.12906620867
347	207.204150681593	170754.96651119506
348	2.067396449318693	170746.21234544404
349	328.2105779674556	170861.35748921175
350	-280.40060650913324	170753.80398754508
351	21.034790822256905	170384.16257682472
352	-44.799680166477856	170503.83401748457
353	-238.97827801786633	170583.09048006113
354	49.88566099832108	170386.97919286296
355	-241.04191441331434	170480.49546498322
356	-233.84413703300785	170601.76256872053
357	112.0210273574543	170550.01657376182
358	-283.70626037320966	170582.3915120089
359	-342.3031543477407	170649.77760496776
360	97.27690123978691	170635.35069007406
361	-7.792166482939951	170713.6787257702
362	160.0753225606135	170520.0177553284
363	81.86978816093027	170546.51717460097
364	162.77234522069324	171191.27066971405
365	38.33905540421918	172251.75610999076
366	123.77216622467942	172765.68743029272
367	397.51125019691966	173291.04806785466
368	30.528184197935634	179930.55429240956
369	55.68528998574979	206872.9467301796
370	17.84577504176385	237972.26276281817
371	-344.8766709865361	219404.2200297036
372	-387.63838468882506	191258.27506173396
373	-80.88259128558578	177834.31361428802
374	-22.771429105732174	172788.469541272
375	112.02283629561623	172070.1875550085
376	-184.79626647374337	174841.01151782795
377	-64.08514297501937	182802.6510475072
378	161.93607041700648	187371.43358343124
379	183.77471356226087	180029.9369032317
380	-127.59203031553419	174270.6470210662
381	26.688853376243475	171890.7895605096
382	72.50201229941858	170742.69500192328
383	134.3918353871409	170573.89846514215
384	-157.4937942506494	170515.9452986837
385	-278.78204989810456	170442.46211212728
386	107.29083133856496	170373.3939707755
387	-255.42314575289356	170295.94524435187
388	414.78736741439633	170559.00506514846
389	-64.94637895566565	170413.13860027766
390	237.2976347746614	170302.60974224217
391	92.51090678605838	170284.325537391
392	-81.1583198968883	170330.3006832674
393	-34.29872603111642	170136.28584787113
394	-43.680434175844695	170369.04678756517
395	-6.8993458864426955	170429.08046179893
396	152.95607637321342	170536.15300035843
397	194.49575674258426	170378.6791946995
398	224.35016894990795	170354.81612153494
399	-93.64576451488499	170459.49299070865
400	-105.90335764588468	170201.44239492257
401	-30.23235165548883	170417.18093207825
402	23.028066864502886	170286.10538337656
403	62.1629071329019	170523.12666919257
404	-1.2169450888481839	170277.6740088919
405	-243.9499183396166	170260.09647762356
406	-75.59026665436436	170342.54394570208
407	-46.35867192481807	170352.8223394563
408	147.16942533366725	170190.27397917525
409	385.0650621046194	170133.2832520754
410	-170.77088829210965	170649.71505167452
411	-300.60237274119834	170432.77979976474
412	184.29977287214936	171027.36891282615
413	159.23380128053788	171310.36109854278
414	218.70287878770844	170949.97149919014
415	173.8422961162799	170389.0318473068
416	-300.4480853010264	170126.9408957399
417	-127.61503246448373	170257.16711566792
418	179.69444104652305	170261.60321687403
419	-194.29640534088944	170662.363421277
420	20.71407750445387	171380.0749274539
421	-59.63906242247411	171975.7658178603
422	-177.08724655776115	172085.16560467513
423	46.59685731833826	172087.97206368565
424	166.06760153307258	171202.43172692787
425	-14.342291192578829	170634.39407842193
426	-364.77569006789196	170820.01955263768
427	-62.276880925132836	171822.99530104114
428	189.33945203583673	172896.56885020554
429	22.060994374347214	171907.38099520188
430	-151.0601932513791	171120.05490539546
431	18.345292918912943	170163.8179274002
432	58.147529223208146	170164.77918076108
433	192.00281750989373	169926.0379815739
434	29.46944167635541	170008.1661059312
435	-393.2569576553396	170037.4237528439
436	48.22157547402787	170201.59477654222
437	-231.24749109532632	170019.28462933804
438	-354.7985079322761	170163.37855954966
439	135.70409442866963	170159.97090232946
440	299.4871095721646	170318.69607095842
441	73.42890490766048	170285.64944045467
442	223.78393624263697	170338.38930434777
443	197.020607720032	170074.01562414688
444	-79.01888182386772	170655.99366953253
445	-38.51277716684341	171260.73935696454
446	79.16928140358866	170812.00515797664
447	-80.27770249328137	170686.84288141265
448	84.11080492355961	171454.88817799184
449	254.4408786223673	174354.55467923332
450	144.0757009133631	176874.10146761689
451	134.8147013382998	174561.83230519606
452	80.71050489105383	172539.37957053867
453	155.73007641934026	174175.66681087294
454	37.54101490443036	177821.87250652388
455	-31.017431081583485	176617.93475851358
456	-86.98718903086052	173834.53759883146
457	0.84713804606114	172747.2840929276
458	-1.465544573690023	171794.42164237096
459	247.5512479937836	170711.66495210174
460	-9.279899850107935	170319.61881001285
461	-258.13536250061526	170343.30335022425
462	-264.7543086852596	170290.9183148004
463	-103.01527425630279	170320.99527424484
464	-87.93524513599048	170767.7943311189
465	-5.6329293378770044	170898.68125396143
466	1.7282799285334178	170437.22315175575
467	463.92315744233844	171062.88033100087
468	-134.5400336230918	174143.3332680498
469	184.03995789255228	199603.13355022835
470	-44.630190200324776	312810.2686266944
471	-363.3336974775808	534587.1886182583
472	85.45248192518858	539522.5286384238
473	-109.73005853258854	384447.4337808644
474	-132.12531068344333	267919.34472037345
475	-58.46884192845131	205758.8174889901
476	-164.0336743214737	183729.01778904666
477	-136.36722243467568	176022.76308841043
478	-126.36027085176626	173605.20459545302
479	-138.10270353743263	173185.68923104947
480	86.87085262388871	174018.13189289765
481	37.33497050149403	174097.44878147953
482	-246.55277946464335	172291.57602890072
483	-44.096082748979626	171142.3619573502
484	75.57035171936248	170550.78319022822
485	102.75747300232521	169920.07586996703
486	-127.23116235243621	170063.82666070975
487	-68.22454977462067	170324.54703173618
488	79.50037175084898	170519.2718671818
489	54.601413565238516	170050.67946658298
490	118.7654318907123	169853.99196204232
491	97.11120619094726	170086.05600525707
492	-436.03651742036163	170068.3906203761
493	-45.27371025318638	170499.35455844278
494	223.55157628216858	170379.09549369587
495	212.77683691398497	169946.98014810833
496	168.59036210717233	170190.33083427008
497	-305.5783403434529	171102.60692238907
498	-111.84318045459102	173056.14236304734
499	-142.8984361553642	176145.62590187805
500	-61.80673155928844	174623.11969573275
501	150.02034143605948	172084.97300582493
502	3.1669185075718342	170913.71500688276
503	-30.298731850878127	170196.27519152267
504	-268.0252887878892	169789.88153056506
505	109.56707857542675	170134.46194796907
506	192.08557950035848	169947.5881826748
507	-146.21048947888866	170090.3476508354
508	-15.25479381400396	170000.35317596697
509	351.0115608647973	170099.17997359508
510	-57.14130624651047	169969.64452166483
511	-251.96479374237055	169837.34745753516
512	-55.45259089991275	170239.0198367878
513	-333.1254606054786	169948.04818613303
514	148.14882894780632	169988.06538873332
515	107.71692507227294	169946.10919444676
516	-86.3358233064566	170017.64049023634
517	116.81760226115539	170168.87566575568
518	120.9660893648369	170268.93247460359
519	45.06655665806441	171060.93115743258
520	-186.00914300919018	176180.27497428237
521	256.19420193847463	198299.66624253735
522	253.0455433209481	237485.1411341627
523	33.71528621217762	237209.26701146687
524	362.4852284347263	202379.23848148496
525	-285.1943841928772	188644.55165384436
526	-9.635785562805948	180167.07368660235
527	-291.2189617712314	173701.63926492442
528	93.19466625394438	172226.16542048735
529	294.54753457447265	171078.81497174499
530	11.511395041501629	170903.24388438326
531	-170.47325116238738	170707.96656099168
532	-27.622479849426036	170053.1571845923
533	-164.4789405008671	170111.73238504367
534	-25.8079656872049	169854.26039382635
535	186.82294406693512	169852.33006385865
536	-116.6551112676376	169874.7471191002
537	-105.90762384922836	169833.1347945598
538	-64.76057751671412	169960.53426277539
539	-71.5376451010702	169801.29218687207
540	102.42684173104546	169613.40991686433
541	110.12161509308099	169711.99740964983
542	421.42726343301183	170041.22921120404
543	138.1879117330767	169854.0974902683
544	-306.68952548392747	169851.24249820906
545	213.83173747268046	170163.8067500482
546	546.7297244994963	169879.77790677
547	79.00670572810212	169942.4622013137
548	-11.138397537532832	170144.96601187898
549	74.90822206712001	169905.784223981
550	-67.95831616590714	170040.50110049834
551	-105.85389400323594	169747.23868355303
552	54.253429520075194	169794.3694988231
553	34.935052967940294	169774.18234075242
554	27.507095597843403	169627.6051272851
555	103.32386502242707	169599.39224135625
556	-92.94860704040103	169762.2555738285
557	6.945285296852347	169938.1311489407
558	264.57741631266566	169887.7698792916
559	86.64690560984099	169690.17964521595
560	245.2285124486404	169840.58182650336
561	262.46093212729227	169803.7582418342
562	-227.28415007611363	170050.85539072496
563	-48.0062799396284	169930.92846364857
564	29.5490604635113	170707.86510284798
565	346.25741260105366	171037.17265794898
566	284.946677789051	177517.4773898826
567	129.51428886808208	215782.689758007
568	2.1126548745946767	338356.96536361787
569	82.31283474015189	421474.74643126485
570	37.835142442244646	296765.05441513157
571	88.977800014593	226515.74021069807
572	184.12051734494153	202557.15196376143
573	139.52872665351353	188595.79426412584
574	-17.93569662837809	180630.15673441923
575	-52.274203928896235	175608.77156160172
576	-110.3054097824592	172778.3400210716
577	22.746293008488948	171410.36311099268
578	-220.45122467422289	170866.49832013802
579	-163.29711599995144	170518.0728712314
580	142.62798700668714	170460.04657549752
581	-295.2418953469809	170265.93089491627
582	-139.44956246833638	170234.40847981075
583	145.74509235504175	170130.48211407856
584	-8.190587228163563	170488.54076675817
585	49.416186628448955	173708.10314396714
586	-54.42166016747302	182359.54612150922
587	-57.16351617726764	184542.61373450188
588	115.02146693778107	176801.28672950505
589	137.6493573105873	173156.67250236165
590	-13.091231400914289	171243.46936391905
591	2.449952974351481	170101.11124496127
592	-218.76399148650663	170099.3509032679
593	-203.14163773187522	169895.14515437398
594	171.8508482529919	169684.94051761538
595	107.0489248922794	169460.94535434333
596	241.74041319026517	169579.16863858272
597	-237.68611108839	169583.68093271164
598	-230.00888360449244	169877.94307213873
599	186.04551913332938	169873.59261830567
600	30.12309934767653	169512.4668401339
601	-269.01944486077053	169573.11437525405
602	155.63142206009223	169648.5714833867
603	295.804147100053	169999.6049218862
604	116.49900218198422	170163.40536291746
605	-302.5362964439953	169957.44546646156
606	-67.17372880353182	169570.2655210461
607	273.1876685655204	169327.5222383369
608	132.33587264626985	169409.29239694113
609	306.42342537498837	169379.31630255718
610	18.367498792690007	169154.14247303313
611	-67.35442766153778	169210.20955551072
612	-90.11135776893322	169195.85752094255
613	176.58066521409515	169278.1221908022
614	81.15126111199794	169483.21209572992
615	-133.03682396571796	169207.6907743857
616	32.98191242817226	169392.1893662359
617	-138.981341121066	169745.4085462848
618	161.6274890018496	169359.30519088567
619	-170.03007704701935	169540.14935375468
620	46.01299591070264	169440.86298073243
621	-176.8515442757765	169308.18931835057
622	-135.26900887929756	169423.6069798677
623	59.30505654655579	169130.4545710351
624	128.32868652525005	169406.94187283696
625	-48.86689878318183	169073.46199366284
626	302.8527290120956	169221.96490838777
627	-27.96156825813501	169258.61283213162
628	-217.94109321105825	169197.4071398821
629	134.33179216280578	169447.12105881897
630	-18.166461007029476	169621.89888315933
631	-128.2313719657621	169183.6440363698
632	-157.8338623494136	169301.55202786333
633	-136.80742308857415	169309.2046605639
634	180.55193225190644	169193.43955907066
635	-79.87481310315593	169205.8312642176
636	121.647448531077	169133.12303331686
637	-101.6410381571565	169126.82158532215
638	138.91085162741422	169422.63448622983
639	74.14365083645903	169242.74621573192
640	93.58403397184956	169333.8900620055
641	142.05722917369346	169428.0042762347
642	132.22147227714137	169117.6903277895
643	24.04723699062386	169211.47463516952
644	-120.54781847680054	169346.16916529226
645	137.68355452576958	169197.28061878917
646	130.68689135713757	169257.6226354052
647	-10.583237842300008	168983.4332788774
648	17.840282220544154	169151.34684703837
649	66.16302715768788	169298.32926527646
650	76.1913348383624	169075.18950606047
651	101.97054614601356	169405.95942288538
652	90.83657885044482	169744.74861808735
653	-107.47669737903435	170193.44574718404
654	260.79521568382194	169738.97508322573
655	110.36724778846994	169345.29571026762
656	-87.5901820368363	169430.5232991989
657	-334.55926975283364	169207.58008660705
658	-304.85444205386256	169086.77599280747
659	18.93895317751165	169252.37315956026
660	-56.184143761937435	169356.26659697306
661	-24.846683648162273	169329.93412470366
662	196.2682178309028	169282.85525926336
663	323.15565307011497	169825.66640517805
664	-153.51434423532822	171872.69895588205
665	158.55355815224755	172734.1450155745
666	-109.64051934071612	171194.1601948481
667	-178.24282728522036	170020.67190420916
668	184.10385461517902	169446.94537558279
669	251.86869251228714	169323.73366177423
670	-195.58396408510464	169274.38275689178
671	-240.1608642313046	169058.63011994408
672	95.34942600189959	169160.7684387162
673	-10.425311933447711	169043.95498628152
674	169.4447715368948	169111.10321385076
675	166.30726911157876	169196.00774597356
676	-44.51158377674832	169200.01892266888
677	165.44249854675542	169006.93468758318
678	373.1949795897702	169062.5891124268
679	-115.58017632055768	168839.03001432755
680	39.14848392497816	169042.80387401162
681	284.5461707174749	169039.78992022824
682	-181.04090307725792	169046.8552041058
683	-21.150704637603816	168969.07603435474
684	-193.06149157580072	168985.02735533039
685	70.59499930564198	169114.90558527506
686	6.855386799985576	169142.17159350644
687	44.35257208208227	169067.52856707884
688	38.02409098206971	168774.74608082202
689	244.59729121634928	169140.25780012377
690	28.440302213717963	168999.71770063325
691	35.11481580939929	168823.50507350304
692	224.41667161636613	169184.68917294548
693	-40.768213250345916	168842.55970830683
694	293.57102555141535	168986.7126822226
695	-202.38427921626112	169679.09343088084
696	-12.611117505526005	170581.3097580276
697	-85.81460085739849	170225.86304195214
698	-33.766298918501825	169590.5261220329
699	-59.95620103765913	169516.5658130924
700	11.093015232717152	168919.16892149934
701	-78.12776128883166	169475.02185724938
702	116.6212038236589	169205.01550883797
703	20.441258656873348	169193.52288903962
704	-188.8901641394534	169113.67854886412
705	-23.12973733634415	169181.55418993783
706	-71.63792232872052	169219.0965907599
707	-246.5248846744309	169776.4552235298
708	-46.542684587695625	170802.672332223
709	51.74776093569847	170770.66700685374
710	0.6644363192311191	170199.70291566284
711	-327.03798090557916	170041.85310848092
712	62.530790351732065	169994.31382103244
713	-108.8769630180999	169389.43491220684
714	115.2723656111004	169292.44312541524
715	3.4332275220964235	169478.79505839545
716	219.66638175851372	169422.78277225333
717	126.29390063367146	169783.28950164485
718	27.609049530773444	171224.6920345478
719	-214.87326582665253	183057.3254094579
720	-70.99138210880547	237694.18005343058
721	-137.3018787466627	348895.95582746895
722	-316.799503810673	318169.2864979049
723	0.44154531480117853	221629.61084734643
724	205.4349095746354	199386.8124608812
725	-169.0431933752173	187910.5462993042
726	-288.58604161478155	178939.18434623707
727	-10.945772397639196	174516.29964162936
728	110.99533322686163	172391.35032000885
729	157.29313230520816	171187.15847630668
730	-19.0679521689702	171221.04812725296
731	-50.367934760747076	174263.31494348656
732	-14.28499013055935	178065.512380171
733	59.55471166344067	174635.05753419714
734	-99.21061350180419	171186.55935030096
735	106.75261459738766	170361.18611200657
736	-171.1679349163133	169606.44167261646
737	-38.245916757613465	169276.5654040909
738	-66.81036282643998	169057.401028607
739	310.0085737696646	168946.2462844431
740	-45.07871942076129	170743.88340993284
741	282.7258343328723	175858.6360627713
742	-188.21420954459245	183130.30914108528
743	-269.11176334043637	186913.7036356862
744	240.8693087603298	179402.47252403127
745	140.5452059130827	173182.77872570427
746	218.24240705080751	171299.84432290215
747	-5.675410140108609	169907.08450451752
748	-104.05820694249981	169550.71233587884
749	1.3535720095407058	169113.70598741455
750	-257.64096486620065	169104.71966091022
751	-138.41920401102527	168930.9330928108
752	130.53919485372637	168753.1933107521
753	-308.47959497728516	168542.7207903714
754	-47.532485654734536	168589.93822137004
755	198.5080055762497	168601.6291759954
756	-64.22358114303665	168432.64254585444
757	197.5806269849294	168657.19561592425
758	-473.35149909668667	168696.0528837305
759	-94.16104272129098	168464.51498238984
760	-50.83529280520545	168905.31251550233
761	-62.792390989906245	168858.95052059824
762	-1.8922538751337834	143511.99290449946
763	122.81100427995526	94100.3677890896
764	99.9016661366682	44357.06741454466
