0	222.46358127712006	136155.3760326563
1	176.82297077914885	169372.31203035577
2	317.7927812346485	168362.94207072648
3	189.812461006401	168059.36090120478
4	314.9248340520965	167905.50578702593
5	-242.94484120955437	167644.17466398946
6	217.81510622669398	167873.9167638943
7	91.36212060976625	167816.5723149573
8	136.63438307793888	167468.3168181078
9	222.50878848033048	167470.83410917522
10	-17.33828604730544	167209.76484982838
11	440.884015154717	167420.39558860494
12	523.7596272941321	167417.91713699215
13	189.9053696804293	166822.78240892978
14	-96.78284961440771	167135.0701216032
15	62.35021802059487	167215.67456957218
16	178.5013877650023	166989.6062998913
17	225.00606171231445	167029.65630535927
18	320.6063851041631	167029.25457643167
19	295.96098005715663	167069.07829727323
20	330.23600612989406	167146.32469447533
21	151.76480355752506	166796.12510978532
22	-100.34115257528713	166697.56930137565
23	339.1323883532997	167025.38026906736
24	-18.05472258393353	167701.16942693904
25	-258.36116559873517	168110.6566422037
26	274.4685158652163	167660.79572269315
27	51.91919293528428	167357.91807247399
28	117.87624805338056	167549.56362731368
29	121.86635100966502	167554.08042947185
30	324.43825270892205	167681.6522924088
31	150.01469138022026	172129.62716915808
32	34.330413606219295	190357.8667005052
33	296.5223846798717	208812.47433191843
34	371.85604113684167	191229.4166485214
35	181.4995150612409	171345.77106435513
36	182.8575371564585	167171.48816783197
37	-102.18438921594291	166339.4813222003
38	157.9712384324093	165824.10462690177
39	293.4942397159841	166293.90439374387
40	581.5262723452198	166208.80318607306
41	401.39987846203184	166065.81419086418
42	111.92099549097307	166032.00573460592
43	63.684056633656	166234.3949022244
44	95.54790250567774	165941.89439840274
45	19.768736193912897	165869.4285709716
46	-41.7657465024571	165326.08155793042
47	362.3154343564177	165724.52503522948
48	98.6060524053404	166016.39011771933
49	133.14562714619365	165662.48585993168
50	314.0456926596239	165820.00088847097
51	15.458596010114512	165762.9593833924
52	124.03823766860975	165905.87648425341
53	248.07725218805157	165745.28770713948
54	407.5988719461097	165684.0394289199
55	426.3547762336711	165800.6164172614
56	233.03059631111645	165750.0996536833
57	152.99032759958936	165550.6908636234
58	318.4461734422255	165230.26897007562
59	170.35272491283675	165274.319481081
60	-89.35757572952635	165275.9236237055
61	128.39154216929677	165283.16875480287
62	77.55942790227652	165159.27224207515
63	-80.36439567821469	165252.3381159059
64	-237.62955627752038	165453.2410957642
65	249.40966007333736	165573.6647215681
66	-24.90276413343571	165198.12952097724
67	370.50266296632225	165103.53760157674
68	335.76846227229504	165209.00976446114
69	199.8470766033678	165086.04607272334
70	-149.4010585979822	164971.26635254547
71	-72.0310672391361	165326.01638766547
72	308.07331404082146	166897.52909228232
73	162.82622872618256	167191.37806950466
74	82.6418733197489	166122.62828665916
75	416.7468386080934	165064.73190728822
76	82.80041451573294	165067.84477908956
77	127.78430660880949	166070.80270552574
78	423.5769903419085	169514.55281673343
79	-2.013202995341544	171557.52669960828
80	130.78493310296827	168316.68671314736
81	412.30948703778887	165393.47767200784
82	46.48035712242216	164779.78378328122
83	-143.35796116804806	164576.69027444147
84	-139.66449920522862	164909.19920850362
85	75.17344743329119	164490.25054873462
86	-198.79758380102965	164480.33742705043
87	236.28470341381745	164528.99843630454
88	-5.790777371433659	164624.22732614534
89	93.1722406841201	164593.5746622085
90	74.30516132631638	164709.78728790773
91	384.0882340166392	165199.99905179898
92	-33.20168341288427	165244.9844809986
93	-109.02169041083155	165958.87816725636
94	-216.83184555971994	169586.96394846265
95	80.84037071572325	201040.33017511657
96	418.0388223688054	255324.67031797054
97	-149.23020369444924	235861.45770007293
98	179.72636386659426	202535.00620023152
99	204.6091180855384	188958.34966707684
100	61.26736987999002	172374.96722994559
101	-3.9492969762401193	165770.0465202229
102	519.2852831374491	164407.62778584508
103	556.8210382157466	164460.4845801591
104	52.08712470125192	164297.476347782
105	59.11528241640944	164277.50222495245
106	192.5199171133201	163956.64280119492
107	-100.09858526646754	164205.73702007008
108	117.74949432598675	163850.45647636073
109	331.04302025493087	163737.82375363554
110	150.55052239104182	164009.46371054795
111	87.4414227255215	164002.38158896513
112	-43.98586132860795	164027.82589660466
113	-22.13718063518997	164130.24907615432
114	-222.60151017962878	164265.97842272674
115	-8.453970175875046	164250.9232140876
116	178.9458024984588	164703.41569073906
117	200.2159583181562	165121.16082339262
118	-229.82818092303498	166063.61302143105
119	289.92638192283437	172069.16039572397
120	286.7211185314389	226535.92992815273
121	233.10761534441858	332717.9349295022
122	257.745040815603	289440.74649395136
123	156.8648298634401	196207.00066812566
124	187.75439386160147	169268.37416205468
125	218.95750308028428	165292.78659850487
126	108.48421711733563	164336.45717585008
127	23.56420392796065	163885.5551760062
128	80.1040004358151	163308.47390817595
129	50.9563148079709	163675.52985163362
130	-24.125099415862017	164016.24697031872
131	368.09903838015043	164389.4093984344
132	57.26856457333502	163888.86899518708
133	322.86803462261145	163434.21411517862
134	373.9909859230669	163587.67320059842
135	273.873987437107	163939.47410353876
136	350.1306723763939	164247.24510874826
137	59.182602660961706	166379.36804341126
138	-263.6203289856918	184790.39163672275
139	117.85314630571956	255645.08384355198
140	74.6987859069753	264691.9532575531
141	140.70316028191993	199031.38757214978
142	94.0644144522621	169978.0578222052
143	171.1681442806701	165147.62762949936
144	-57.81759503887936	163367.3388538222
145	2.7884496828624226	163250.1820639358
146	93.1465087169752	163228.95588935114
147	314.37769310226025	163297.7610713089
148	8.20383105422529	163200.54851063626
149	228.05961616092628	162921.44135359733
150	344.59373353022414	162997.58366111768
151	-219.2562404055018	163014.0862078962
152	180.5133440644098	162807.41845144934
153	282.34372938371575	162769.87752339488
154	406.5840143579861	162725.2559650909
155	58.398143779795944	162673.52996100957
156	234.61947486024894	162800.31360210277
157	80.01056594016768	162778.0756291308
158	212.32727392861662	163202.87628541994
159	227.5706846158014	164874.0764440895
160	1.4654285917537244	164639.15216912562
161	326.8876116324176	163412.86387520438
162	292.7868842486482	162806.9685698894
163	44.96013926353331	162656.92681676702
164	190.04842170362926	162469.42383091233
165	324.31987437804924	163106.43413083878
166	-167.13860703653873	162490.78421301077
167	423.16521783881916	162518.83453352097
168	202.63852690111557	162849.8952301912
169	179.58827941882842	162729.6509884771
170	-124.70144451918914	162672.4738779543
171	-24.937794359651758	162278.7908989959
172	148.70418929917417	162295.24695712596
173	269.0024295299944	162175.82682233557
174	416.7132931735091	162246.29555114612
175	151.11005203385042	162687.20404773834
176	61.94214636101047	163179.21673429693
177	168.77539368515966	162747.81054984886
178	169.33844602705045	162071.22739072918
179	88.24972189671512	162104.25128990537
180	324.47643433996177	162154.86326976886
181	10.53963202485651	162287.18834847724
182	257.9258307955432	161971.36287869254
183	100.3574543530173	162056.89494845425
184	314.4373075603015	162337.61020140958
185	-87.89473110681766	162253.43738460483
186	-124.34613034948815	162151.30459760304
187	35.284641177602936	162061.64722455989
188	50.41393164851894	162107.24671222406
189	56.94542076308782	162130.88427332338
190	2.2874597258614267	161766.6853610159
191	95.337269478908	161816.5005123898
192	154.15729611403546	161763.86003485415
193	241.32099337907496	161888.31898666595
194	488.1148062642897	161910.6741870645
195	142.80026906559425	161896.88320058794
196	33.406797760208626	161681.68136513664
197	152.58981332367324	161802.92862612064
198	119.14609389086085	161517.93673017714
199	71.00096784761445	161761.16912608081
200	262.9996292578117	161889.3492012173
201	30.924715737822062	161256.2371556212
202	295.95405139285805	163667.21017654776
203	206.62943301099082	163884.67152984787
204	117.46064289173594	164422.99047139438
205	389.69336375861536	166605.28534391976
206	167.62811491340824	164081.73287531338
207	25.903358022814803	162459.46928985577
208	-33.62225283128435	162218.03247800845
209	108.28036406071813	161685.519937572
210	-70.61695389609936	161564.58882133287
211	450.21119644234847	161740.68536678035
212	181.07368501611617	161631.30161200423
213	243.6806593880696	161961.2130351869
214	185.96605552820992	161879.41905948962
215	62.27521395192259	161449.67646806387
216	-52.93763504564197	161541.98990509717
217	290.133024777778	161656.39410929498
218	82.03680801597173	161443.50795412555
219	-120.99370697399736	161405.17402775266
220	137.4249645699348	161276.3268560114
221	323.2636833313518	161509.2537177696
222	174.39212131978027	161561.9470326725
223	81.11597044191993	162259.59079717874
224	16.87121964475928	162723.44348862354
225	-98.755928069587	162889.04596039138
226	-115.06849532881014	164024.2683779338
227	-67.38060606827425	163335.28356201394
228	26.680014203022413	161642.8334227767
229	301.82872546945106	161321.66632700458
230	246.01207827577153	161061.20818842933
231	-81.60909658926244	161342.46119023926
232	86.82765273331592	161104.58688983272
233	130.37960180672664	161268.5184794827
234	429.2354132520299	161359.8376442518
235	331.8286348763659	161212.86648916325
236	-53.41592052971868	161171.74333480568
237	197.87670831329876	161212.2278866489
238	183.64535086916177	160946.77254625765
239	313.26124278911476	161402.09339953735
240	409.6717239440513	162448.39151607946
241	202.2919983664815	162348.51503242625
242	-114.95773396321529	161638.46498403072
243	1.4790268461683627	161077.02178598358
244	31.210070356579667	161520.9983538026
245	31.679169746024847	161599.27404625114
246	112.38563741992766	162025.9679856555
247	194.00223942724793	162572.3692013464
248	-56.740807653663595	161756.5502873754
249	140.2769170245062	161034.09439720286
250	438.0115556488989	161135.55757260998
251	308.9358842178472	161450.0323862179
252	180.55460619786163	161670.6516610997
253	150.7862707731168	161761.08067807026
254	81.90976044156385	162831.25525710662
255	158.928356317292	172837.12283887158
256	213.57071530544937	223792.8476017259
257	20.170799894278666	233242.20275139174
258	150.59078846227573	188628.45636944272
259	75.44246411426954	166914.2383833021
260	37.54299934433439	163084.7624070334
261	281.28711872578987	161893.22114438395
262	13.660757990277082	161243.5638878995
263	162.1311390821321	161189.16399843714
264	-139.10477588003883	161144.27713472204
265	-301.71688432829814	161029.37635302992
266	-84.74312778060636	162112.31676684736
267	280.02895060650775	161746.33038350235
268	199.2434092202141	160970.06240319757
269	59.90209773931113	161021.04476270275
270	-214.78263128889563	160738.5075687211
271	75.86187804537956	160979.90959159425
272	78.95899956999875	160627.67445740337
273	264.2916538996652	160801.4523449985
274	91.51701914307645	160905.09564447647
275	55.87813193019138	160950.4692563953
276	182.6997850754349	160617.43330541608
277	481.3643203599787	160569.124437431
278	-29.822829543597937	160501.2658117772
279	-27.89149549181575	160629.25264741096
280	230.51169668586283	160577.5902566581
281	-251.98255447672048	160676.2812774251
282	73.3833478952797	160598.41874740543
283	52.5426909590942	160922.7529678015
284	344.31317575253036	161203.9762909461
285	122.65528705409417	160577.50914604697
286	96.3939445710684	160730.5430023851
287	66.86185667162441	160868.10017732094
288	-232.8098325235621	161164.85571041546
289	196.29171117676418	163358.60822345453
290	419.70708187008694	179034.98175904265
291	215.94151018436662	187578.2415383443
292	-46.155413997901476	172553.93571192684
293	153.14156776053437	163247.65642837615
294	149.86924645331874	161506.08412204942
295	257.44908609049645	161135.94010793525
296	279.1317824455798	162425.76974477028
297	-3.7097325342343774	168679.61795127808
298	-270.9910672465517	169033.60210540693
299	20.879531028008337	163801.20677568365
300	-80.75830504816408	161295.6871317126
301	-31.820956157372336	160493.91758535831
302	-12.58355798502301	160476.0486148945
303	52.79318973108093	160542.7244983486
304	265.51472420241845	160461.5416684255
305	274.04191637343325	160655.19707019735
306	265.3258052079598	161104.48147127806
307	-17.751729181130425	161387.23963216066
308	-23.565768579519787	160670.4894815711
309	-121.77578432266924	160442.0779020779
310	-90.10504187566993	160323.09591477402
311	313.25248470801154	160180.90633418973
312	92.79429449071311	160370.221332489
313	341.31547963768037	160427.3804304222
314	183.10491256274418	160389.93086407322
315	-113.17613406075125	160411.5788608696
316	-18.786028123764773	160219.41325481495
317	73.4322052668004	160155.26152077733
318	-95.53049537022194	160251.16336299156
319	107.68379082626434	160190.26342051328
320	53.55057687814766	160492.28206338736
321	-147.0916873080715	160166.49496555512
322	126.93605992121695	160377.59264148833
323	197.34823932948584	160274.49250974017
324	-3.4165785612264736	160276.250056435
325	68.84390429176781	160495.37172527294
326	306.5854787332163	160086.22833655897
327	180.6759507298132	160163.90763517437
328	177.54593936501192	160346.10001315753
329	336.0946922558104	160087.6574770977
330	415.8438497552091	160050.5384832181
331	6.667878064914465	159979.71888151977
332	-126.74073807123928	160230.65911068986
333	-202.78252002765691	160048.9903604254
334	-3.4591957605296795	160316.51851508944
335	159.1876025235248	160123.91960566616
336	232.84301011657007	160117.0657907644
337	46.781654926440375	160038.73258370702
338	348.1738488958189	160148.78320694197
339	295.69693650826673	160137.53914865118
340	72.80033308253341	160506.86281752525
341	-48.08277513173081	160596.9987297061
342	192.15866052205536	160435.69366249364
343	101.57839161554469	160017.54824303868
344	-154.11359707329538	159889.1803945553
345	65.46944271009185	160120.18977795856
346	83.26256762993076	160152.70009648753
347	73.85553154456888	160263.76555156676
348	214.58545849214866	160014.93461982225
349	-200.85303876104487	159592.85608563962
350	-49.46056262273896	159899.60228743378
351	52.27291109424976	160271.09504801274
352	-40.53333384448779	160077.35199280025
353	499.14153696519276	159885.45877782517
354	50.47370265063394	159972.70676323574
355	95.38309691630758	159796.72699155132
356	203.95807339292645	160057.64238664403
357	-174.35887232088578	159785.97419205052
358	223.26786431420695	159970.81262058712
359	344.81787110546765	159860.3232287157
360	434.40238902387813	159539.57263355007
361	-50.58385809851409	159739.14206534083
362	122.75628840228295	159608.21077846087
363	355.50140705303374	159898.920849373
364	304.82337486180484	160178.49073908193
365	254.68917697602325	159919.46726311618
366	256.9339508168728	159983.66416888655
367	103.14584557327375	159802.6731378059
368	187.2754606155488	159693.65402699762
369	133.4123484758947	159651.53976287492
370	468.3090685139579	160352.56830204008
371	47.11714740625301	160987.64381544618
372	260.9577069520284	161484.32703323758
373	130.56944786401306	161823.9645574012
374	378.94060114500803	163211.09305566762
375	160.15081543654344	188068.1282419738
376	10.337578008325908	240727.33695176578
377	320.038427888901	217398.35060705052
378	216.87538709750328	177244.37492856188
379	364.3079713378256	165200.24837025977
380	197.77916710250608	162229.07430382425
381	2.778244862168517	161601.5182760115
382	-53.329805040394426	162155.78001317373
383	-168.05196201099375	170515.02335612496
384	-34.67705441631217	176586.2936655309
385	84.20936098830856	168559.97364470508
386	255.5456957992306	162338.3638324717
387	115.18981682281806	160726.16814127142
388	174.22118428499596	160353.85517006775
389	276.9469991869984	159750.2373888947
390	290.1290227866191	159735.69128106415
391	304.25543864938385	159754.83244081127
392	138.71170278694453	159812.95940640446
393	155.50419925503942	159799.56732878045
394	16.418865923060267	159676.50583607669
395	395.7615972088378	159878.25373575048
396	95.37772321111147	159938.00548896854
397	213.77973866596386	159642.29299604354
398	-369.13263283762655	159617.0176982462
399	12.754015386843975	159613.2829548946
400	375.9340002243097	159398.27156466528
401	56.7433235482341	159307.94732147947
402	459.5755367769985	159467.0164346696
403	328.6211066456084	159697.06064074364
404	-218.59945563505607	159587.78950571897
405	117.52501410484085	159554.20384207176
406	447.8158854951419	159687.53715950812
407	-38.195161745793826	159762.4270896286
408	292.83495682888116	159350.8845546491
409	179.90073713659567	159627.052919399
410	300.04349626062884	159431.4583434676
411	311.24993380948916	159493.51830038507
412	197.97172136472867	159352.9721163
413	322.8985290144695	159350.6069317704
414	-74.8303555981787	159391.1615253619
415	156.53909843733175	159395.06021009534
416	294.42036398751867	159499.68664176945
417	61.846331064995255	159523.97990148637
418	102.67983786631318	160099.86842731567
419	31.1973872366966	160624.8190123012
420	197.52025371408845	160455.91502659576
421	343.15356045643665	159967.18805146086
422	203.4322628315523	159672.17301115376
423	170.5670411015244	159442.57091203812
424	111.65622494952231	159544.92777136416
425	100.12481036271036	159659.46585612348
426	153.72314965513704	160425.22353453306
427	54.45653758841311	161363.42616354403
428	-105.7589001531856	161420.95104470273
429	-57.936393452204804	161259.29783706288
430	-123.24386008907847	160618.18223085118
431	38.86075253910787	159630.77099973185
432	111.18765706302395	159443.44579087282
433	90.74550549287686	160854.7889399886
434	-111.97745972215628	162589.22356931586
435	67.03353036860962	161315.21060797054
436	-52.089625648235426	160006.05304726263
437	-108.87050028053261	159432.39695079168
438	614.4485582661383	159413.69253623066
439	591.7217250778396	159650.5235266138
440	126.26422368022027	159225.0278739978
441	311.8058044635067	159186.7718350825
442	214.66925843741882	159157.13539532828
443	-87.65940511720487	159374.42466880957
444	157.56577722065163	159447.45331342518
445	370.8465644239322	159600.03882921842
446	359.23911846711945	159370.97315146276
447	3.979185090569956	159350.7418730004
448	257.2776510474008	159275.49414799645
449	-150.77425906503805	159334.4467967428
450	37.49734788362765	159558.8536028995
451	53.88009398611547	160293.15072697718
452	-46.49399416129415	160437.30146881496
453	278.6131366881195	159715.73457711056
454	577.8823136654535	159907.651815039
455	292.29761701467436	162840.33195461278
456	-31.465092307568206	165833.2814567672
457	104.75538828068275	163270.23402075472
458	466.96090824465847	160672.84812773927
459	272.9533716999988	161836.18637840435
460	200.51343752938612	166707.76324694097
461	-256.11805557607363	165351.26641137712
462	75.37949585451422	162052.61854922562
463	400.7927377892834	161478.37281302683
464	-87.05002778530026	161132.73818810264
465	160.22655449231596	160299.76624586564
466	468.7441461719718	159846.83504661312
467	-123.01833651078239	159608.34398866427
468	162.83762527756835	159426.35920894326
469	-98.13948180958779	159580.13664902383
470	227.7748265792131	159825.1261634051
471	295.59954208146667	160148.10159836913
472	-77.97770041036524	159948.8566540645
473	161.342214916725	159817.47001082994
474	90.73131234145126	161994.3936982099
475	71.0575914267896	168580.6838029495
476	-163.25049491965046	257591.7587082456
477	99.58926796977786	510865.72801920166
478	280.7990766368655	527201.0024788853
479	252.92911358954487	358364.3080015003
480	244.36716903507997	231975.52548801748
481	0.7172784426817227	186612.78582379923
482	156.60587795537637	172936.06332986747
483	-121.36590947464147	167536.63315174266
484	385.784538762689	164328.2216604825
485	212.2042260646731	162770.0902139848
486	-82.70846426379082	163675.6026478693
487	137.6028643324981	163396.40165839304
488	-58.549833464642894	161591.0057990047
489	77.75797550676837	160137.56383612976
490	94.17154564275548	159655.92638877218
491	-138.63011464680352	159488.81900829147
492	334.1496969323133	159613.7405853582
493	14.083420554000591	159518.9733645525
494	43.852515013436296	159514.65495207647
495	-66.27826638516619	159562.0739388011
496	47.25107227809648	159199.58008502348
497	-237.26128314356873	159255.48799011428
498	167.63045849225102	159236.12477464287
499	87.88304674672818	159101.40749151265
500	167.97317461820828	159261.17996062755
501	260.15370217728577	159121.30417977058
502	65.15514912769724	159079.7073896666
503	206.766683316855	159410.88688635107
504	391.02215817915896	161684.20609640022
505	343.84193994212455	165542.1410170356
506	257.5476861681615	163590.1669953491
507	401.5699474110026	160979.79108350206
508	144.4943329546324	159826.66422424285
509	144.6910710749067	159161.29845858735
510	227.0892875944943	159394.24543534467
511	67.5968717605782	159389.42108642648
512	-177.50071833600586	159275.1420500501
513	217.57338683263697	159079.68839273055
514	162.33801136528234	159319.5123156597
515	396.80260296965207	159164.65220482397
516	194.0327316614446	159106.40383055454
517	143.42474741829537	159144.67781183834
518	-215.19529886717828	158978.82598943147
519	528.9893228684963	159117.74341446644
520	459.7008057981882	159020.39169437252
521	-3.5989221262050037	159009.8209485859
522	102.76693059369416	159244.931099981
523	253.1522093489539	159397.19652499532
524	455.3312223632801	159329.65251246144
525	375.6865737393495	159604.05093026158
526	78.33392236770484	163205.88384017537
527	156.33905748291335	190598.54244510253
528	144.2475005483237	244713.64770515647
529	-113.4733922436878	237285.4271078413
530	63.176389623740455	191856.22652089235
531	327.3162841888447	174145.48629923098
532	198.90856299902902	168142.23980415871
533	-64.25569235403934	163515.05127641305
534	74.3662417158814	161537.04596200775
535	44.836433380650234	160778.58796731045
536	-250.3096389583285	160629.1116213613
537	117.43392247784313	160106.5971606721
538	226.80481304886789	159958.58960218224
539	-252.04410694264186	159419.45200461245
540	236.59575668628867	159269.1176608264
541	180.08334496397615	159187.68909484477
542	205.55987551955877	158937.8449896229
543	404.8714919133217	159212.08316809498
544	275.42635147751156	159174.904292119
545	-1.1592884463122575	158935.54116674679
546	23.18454289549688	159358.41717309746
547	-90.96062511316836	159211.05582260372
548	338.51533362590675	158814.67314121436
549	283.18519376185964	159142.21134564103
550	100.50540610397975	159042.2300919413
551	220.67958887398598	159033.055016625
552	360.6512900862915	159206.309917312
553	269.5823627374052	159225.76898607812
554	-116.36012035033366	159148.31742241717
555	195.06714706214865	159434.49392724675
556	-205.48935817997491	159268.01123012626
557	-79.0871676672672	159190.702639612
558	546.4173537137225	159092.9848065959
559	155.90271457050557	159212.67402797032
560	39.769243488529995	159401.2387412433
561	12.034608356572122	158996.0636798566
562	216.91777445609966	158838.2852027989
563	-43.05892833227821	158957.14477329876
564	175.9442067822082	159094.69895712595
565	372.88736398901216	159122.4296468078
566	-65.23972288749052	159372.8126390588
567	100.17129089200883	159251.61576978656
568	252.8743503523747	159157.32138394265
569	348.9077136441301	159058.41050520586
570	173.03976595123817	159284.9580532597
571	330.6764297746931	159536.83204674147
572	132.0146630982438	162392.30176445155
573	26.255817766649137	182974.13429492438
574	-49.235741823337975	320221.3894863074
575	324.18209210990653	384904.20861922356
576	-9.731247386891884	268957.65563828475
577	41.727411818968896	197045.339141648
578	183.84927961126004	178599.3367662231
579	225.9114970933419	175979.19546557558
580	257.2860520852085	169861.98800734367
581	451.0483724162041	164722.24577789643
582	459.33207720173715	162089.2049278245
583	319.54836377906656	160786.56540271733
584	-225.13702369111888	160389.43668315042
585	211.86108827458122	160033.7354879404
586	155.2550657381766	159649.37518290107
587	279.03128893091105	159596.85851519907
588	52.216369599525336	159359.99649124444
589	72.78889847250463	158969.77438731387
590	239.404257414358	159276.74729027922
591	-203.99418360733284	161981.3893392611
592	90.1624011658514	172203.56592005715
593	256.1262427042706	172455.52035016782
594	171.32645529432125	164774.4709241823
595	422.7218112525692	161271.9100213209
596	257.8240794057105	159902.64635244283
597	151.37903474474209	159537.92294034312
598	548.3611043340624	159530.46954057386
599	252.70324723938	159474.07753577895
600	36.18281987917175	159060.31016510443
601	358.70910518079927	159111.05292274247
602	561.9349353020561	158951.37310693852
603	217.18692478623862	158959.45908128397
604	116.6732607503976	158941.6264331681
605	-120.50852014771192	158760.3903671553
606	-170.41635060598003	158939.51049385808
607	81.29179939305983	158827.01197119537
608	280.1442242112403	158410.7575707727
609	41.911728289039665	159020.05513567565
610	188.04967150764338	159229.3201348143
611	-63.03645888371809	158931.10272409915
612	207.63729052201722	158884.6193465205
613	-54.099125374140904	158764.5356349826
614	38.03043820328207	158717.63826640046
615	196.3381499650147	158965.7575609181
616	201.44855336748594	158805.1082904716
617	260.3500884562956	158824.8396960618
618	318.08382604413566	158644.44806193758
619	-109.81826525659524	158514.84370842736
620	334.15837706407103	158763.05378287318
621	-62.661299494107276	158595.55688003177
622	12.481027988819974	158768.62696963715
623	-138.06093844787344	158837.55043402038
624	462.7151683973988	158366.04474059358
625	278.51534881357765	158695.277350485
626	278.9318664205396	158618.3866355397
627	-23.30092207939229	158723.85815948262
628	242.58599776770612	158705.59856289355
629	-39.00771726466891	158359.02848872123
630	-199.46371361810944	158623.4287488769
631	-106.94412454612818	158590.22665463394
632	-51.46455638792328	158825.09089391955
633	417.1908541161976	158943.25718399725
634	285.62726105814045	158747.52090333696
635	159.93221448341774	158867.97001424638
636	309.96727334604526	158857.42388551464
637	144.02383381713008	158811.60026736048
638	14.045714552616634	158791.60682229412
639	211.04946705133	158790.8423492264
640	363.07669598772696	158849.29215123158
641	400.2316943377248	158752.04358187795
642	252.89036783698168	158517.66372012705
643	127.17010371144127	158865.98954378036
644	343.28051027614794	158893.8255841042
645	153.88368781946417	158579.85059779385
646	325.2771030997552	158864.60368719074
647	303.7754944923271	158912.66603807165
648	21.348442656444107	158713.11799127472
649	-236.74629546243483	158323.02574940684
650	265.44526024186774	158704.77959247056
651	250.87566376442575	158566.05571797694
652	67.5065197240431	158298.1361374245
653	168.08053875621428	158429.55700199047
654	364.893290262021	158503.82707306114
655	402.9727230396309	158358.32202015625
656	208.07005940041356	158283.78748652895
657	263.98412760078884	158683.00930202616
658	-27.921484466148375	158905.55436100176
659	179.61340067278758	159262.70444021808
660	429.44764010288156	158979.56938526407
661	320.6218775625249	158937.71577184697
662	249.11160481700054	158382.8601682228
663	404.219578194277	158504.31167288503
664	387.4632447880015	158719.523648897
665	291.02192847579033	158783.62322765274
666	267.3753952396128	158786.11747496738
667	119.45904642529611	158606.81165777362
668	-62.87858878862039	158593.52463553927
669	-111.70517319164489	159078.85762077506
670	71.66230209441304	160993.48765845044
671	248.50476246538437	161393.29801921602
672	180.15169986285918	159624.71948928284
673	385.00034857089383	159074.58186439372
674	-160.2105046509962	158530.19405733736
675	267.34470810274047	158271.24449536583
676	451.72131962344884	158564.2291101518
677	-10.36426105211158	158467.52346838923
678	234.65945429123866	158145.5469690386
679	-13.34061938928495	158401.877598474
680	343.74218202095165	158352.30373561344
681	133.8365359920765	158354.45463716093
682	79.99042380485123	158321.54679616657
683	278.1378233591281	158166.32756128948
684	-21.494482923311423	158468.99247459255
685	-37.291739229912125	158404.173418426
686	40.76516358621209	158408.1671939965
687	142.6961701327794	158354.1150482382
688	173.43411484221267	158155.23576483713
689	325.18784336302195	158195.5933984716
690	295.57279683406085	158302.10420777331
691	46.2809191915901	157930.4958287322
692	-31.79956775230377	158396.84468146128
693	142.00026699737126	158297.04094195747
694	-122.53801684163808	158235.87198582853
695	173.13809910794006	158270.68861749195
696	203.65621220320352	158334.00570925127
697	-23.078436448536106	158153.19575235544
698	205.3180176897011	158313.38782380754
699	295.68668215064196	158342.77708116887
700	35.38917807827778	158126.1936612496
701	-23.288564268517547	159085.568584707
702	-54.39361109485433	159795.5443487726
703	293.9427179635832	159812.7597027619
704	208.4715363118254	158642.13282553406
705	-117.46219199547669	158406.03479534804
706	316.76104665620574	158477.35915704575
707	262.00773353630365	158312.54446904606
708	269.83855913713097	158256.00636823254
709	101.60056396753521	158273.86399768267
710	358.4753698315201	158237.51296921037
711	188.61030270146884	158328.13012114656
712	200.30022406626085	158424.83018898746
713	45.0609325690648	158855.62791273877
714	233.81474060810592	160185.6871242273
715	130.90663750700483	159770.577129247
716	120.89174336617887	159034.04751124905
717	397.4189078142784	158922.32896076737
718	387.84464664857137	158622.73087767497
719	356.62113280646975	158846.13819707162
720	278.55161060417487	158725.38689389534
721	296.47026191735733	158606.5948920834
722	105.91385270910725	158577.090211871
723	94.24192177527293	158225.08422187198
724	376.89332948057375	159809.7762966806
725	581.526265166488	163754.61525646504
726	81.44783056308682	221710.16792521699
727	238.22409617105848	334001.0710299573
728	191.06410707244845	275342.3559123086
729	234.49149963850343	197868.74368461396
730	203.7951244447694	177239.25401082652
731	329.498551293857	168575.88705264538
732	-109.72216659021154	165934.65576547245
733	72.02343515232378	163889.09693799147
734	-29.963348364946857	162096.118174483
735	141.0514901302784	160896.87069826282
736	192.45943742006006	160426.13607347244
737	-78.9285350514255	164010.67559509855
738	376.51648027590795	166584.86588119552
739	229.9937887614874	162499.43966752838
740	213.5542263015298	159885.1202105575
741	553.4165760939148	159073.31602365844
742	268.54317497715454	158601.77020374735
743	416.0110144257666	158310.96453210502
744	207.50749328893085	158042.10828796928
745	138.43789757433916	158311.35785809867
746	360.1211839602053	159382.6975552897
747	272.5161714171829	164432.59273561576
748	348.2022750330514	171551.80764727935
749	471.75088149529097	174284.06390081067
750	368.5421032353087	166446.0051037766
751	97.89249241294148	161128.6475469189
752	518.3521118934874	159902.65822704762
753	554.5536098959392	158747.26309616698
754	256.9791593853243	158307.26715764566
755	-22.367838990494533	158251.5208592286
756	376.4862596285232	158254.56312711386
757	367.05703967643456	158111.74251271324
758	182.86808733705342	158057.03423183586
759	364.0791615937972	158084.12866035476
760	344.9057699784221	158057.60284664773
761	201.38684840717315	158180.06062219638
762	171.01243220287967	134009.4361913363
763	329.0852986674664	87679.11087104552
764	114.72506832326623	41121.15918356117
