0	35.06840793907385	157224.60330537058
1	572.2345909536928	198214.16337898973
2	424.4727915374194	198236.58452624385
3	64.25474194222095	198008.0109357325
4	340.6282554475613	198011.72541449175
5	386.3766492565434	198164.4731209431
6	77.32786973371114	197909.74054498962
7	269.765613040673	198061.0723919941
8	177.66082214641847	197747.55127828883
9	301.67253798059636	197851.5241889733
10	407.69986987425716	197771.32556378507
11	219.65066763985442	198052.4354589642
12	238.6530034914635	199709.78819841964
13	129.94315685697703	199472.48761379096
14	124.06718681286736	198175.49674838493
15	104.71340380542883	198228.03494651907
16	224.56408655285765	198610.89899305935
17	543.0617678071466	198496.87252344392
18	436.93217801001714	198780.14626841366
19	-41.53531044172014	205826.69657744907
20	149.31386183633396	241133.43201607512
21	-144.5383500281128	242477.54219686377
22	254.23486482892105	216121.7965340408
23	446.23866887253627	201036.14732708203
24	134.4330275886522	197677.30890414448
25	291.01032036232493	196964.67070489842
26	360.1192570216085	197190.1421877452
27	677.1380792044954	196890.0579144651
28	358.7142585736044	196732.56852702508
29	48.04709286262705	196961.93550354606
30	103.36669198755366	197080.88147011516
31	-153.31891769297548	196462.18070962527
32	296.1060505850274	196526.18975639934
33	550.1207140293493	196748.68617442506
34	224.2382595837131	196102.60658601468
35	119.55979706755839	196125.0145222208
36	362.27177300962205	196218.9441541721
37	308.4524378373409	196149.94162385227
38	291.888535235455	196086.08000268927
39	705.3514560391865	196655.94214770934
40	359.03633713175384	196392.11338218584
41	363.5131829847323	196127.74642936225
42	731.4755318227028	196250.5597638716
43	287.33458287760624	196387.87622847955
44	-4.7757231075364155	196260.08174910126
45	162.22843612932402	195991.68425577247
46	488.7197740027307	195948.98380692303
47	255.71906570811888	195986.56153724424
48	161.6910889450921	195738.0695206673
49	485.4658999397357	195898.88611474104
50	172.23664375499868	195813.04445287844
51	407.94339009199524	195838.42522914225
52	407.7243104635911	195671.47625250506
53	-28.165060752083562	196103.72014779574
54	183.17632992714178	195572.51878048276
55	227.04044293135976	195744.9162588035
56	249.07608302629242	195774.58478390254
57	165.30143784219115	195623.630960612
58	549.0102570110233	195505.98667855034
59	663.5483754943814	197134.58606970485
60	291.4354643465062	199726.1420423085
61	11.87246409239528	198697.63986357665
62	254.2335922552389	196464.52163316624
63	251.50327655423922	195733.036625516
64	-30.04196661934278	195506.60860487676
65	690.1277421169631	198867.88463720854
66	626.50833616156	205283.5960075386
67	298.9665516745509	203333.7433787491
68	32.399004282263654	198652.44629111508
69	382.7876963277918	195939.3200411156
70	294.05028682707075	195371.79600361825
71	202.86158045736522	195048.08183841556
72	444.6028105601931	195166.84273237918
73	230.8412124114193	195140.3499754224
74	84.39475341802911	195150.48490402184
75	395.3866260420008	195508.16843596566
76	723.0510601315129	195320.30567536422
77	469.6906427715071	195640.52878538743
78	108.19972485003974	195882.01040552385
79	173.6365986464763	196293.17982360805
80	246.33619485523855	196461.6041610722
81	303.6005853716241	197334.84669030478
82	648.275067845335	208603.57818823453
83	351.3542213065422	274504.34092039976
84	571.8135163244028	295456.49748742336
85	112.28672431397897	263078.17606670456
86	49.05487049839803	241279.5831697324
87	186.36673312135215	218708.22465524834
88	89.06107644225996	202096.1611870826
89	320.84016433934306	195927.26394761362
90	268.53373857122585	195658.63144559207
91	283.31792694884683	195580.4068120054
92	278.13510061657365	194501.53259710138
93	264.2448644776506	194811.92138420022
94	606.2395065468568	194210.5224438546
95	443.9313689389617	194457.73580983406
96	267.2807590978254	194631.16602278754
97	234.09581781405944	194810.85719327375
98	243.38046819526878	194932.7193849356
99	244.068674645246	194689.54299080747
100	224.46131812834983	194714.2159076066
101	246.24453182185252	195042.03647835093
102	-20.359796908304883	195319.79960691623
103	61.18809292482259	195775.78140663778
104	-241.95892281646258	196355.13366067654
105	-494.46207127275125	197011.9968096683
106	-316.45907338345813	198952.26890565042
107	224.5650439421801	221390.20548496532
108	-364.65387971403084	339891.18894820026
109	-523.7961283395063	373727.31962278386
110	39.5131925848477	283408.9115220862
111	94.72303579435163	215039.8455871141
112	216.71593149417572	198525.8535332547
113	310.76916309904476	195700.478542771
114	200.46262185281105	194761.82039622517
115	252.7643485936937	194552.92117762705
116	560.1998933427326	194285.9547925149
117	334.8305230318625	194545.28814821382
118	437.7249949514478	195026.85385019862
119	-214.37694710577864	195126.91546808055
120	-589.2080821513326	194972.45156222713
121	-394.8825751384364	194904.42124990787
122	148.63810089911146	194939.99198203938
123	289.8873805947816	195365.30830370553
124	357.07257787667635	197298.05753893417
125	564.6058825881975	205917.6679878622
126	326.3728333178286	286243.14831672213
127	209.05486161195842	346639.7943201251
128	406.74590733490584	294675.04674619855
129	530.2007399087735	223714.72578057396
130	727.1865538689094	199709.45477214173
131	260.0346631196312	196274.3917598195
132	69.37742299593155	194485.8792457259
133	218.46632149175835	194259.11573615868
134	166.87176360075884	193820.17987928315
135	175.04954548789158	193631.70975934228
136	178.77939276389336	193662.23628898893
137	310.5314040377176	193593.0536598811
138	139.87956918790042	193546.32384840376
139	469.23987264898454	193259.69464850018
140	601.5584734451295	193315.98823540236
141	336.6264432508981	193246.68158429643
142	78.58223814813802	192953.39849628368
143	-137.17613644430617	193271.6544756604
144	112.04168622515299	193169.6028074959
145	199.72792357723353	193582.30223036703
146	391.56905182103065	195593.96783504303
147	304.0302049420062	196239.79930561
148	337.91811883624734	194761.9893394843
149	332.2068575598687	193346.78128915434
150	408.66564510919005	192919.15868039057
151	90.72015669399654	192905.60710077666
152	464.2048868619033	193060.06682608457
153	643.6061068430513	192958.51023604628
154	349.6810324931846	193001.99820605607
155	175.64252488247166	193218.69622637756
156	482.07467590166186	193153.30073324166
157	591.7383992342433	192708.19278852598
158	323.1594221037418	192804.16533211592
159	158.7424615838018	192862.47847921195
160	103.28347090110755	193078.86192160315
161	333.00951019764267	193209.85775233156
162	678.4144317105487	192963.9990936723
163	494.769520090784	193643.91135762862
164	57.800671863184995	193433.37617407652
165	580.9643316768444	194187.07312140576
166	344.8159151875329	193287.61318098332
167	188.40517159137326	192693.13686922638
168	420.9208142002198	192586.9240722904
169	215.12602697772869	192441.80635884753
170	156.19452347373698	192510.6472629482
171	-38.96185600058823	192934.0590719633
172	33.88628192062038	193000.45174256014
173	281.6342256460185	192817.89454321348
174	425.4870712010638	192639.13549613778
175	188.14579920067362	192366.33788878506
176	288.7675820036984	192543.8247301049
177	313.1924218839463	192439.55989196032
178	58.63076117123612	192302.28853109042
179	55.270805545351166	192243.09380612898
180	312.1818033461642	192581.87138730063
181	332.4734044294016	192605.46067253142
182	482.69553478361405	192251.59885370347
183	191.16420275184967	192168.0178470783
184	132.4179323855017	192227.314667559
185	476.37456863746155	191913.35922366555
186	416.65219417230736	191991.54899360548
187	175.39618636756592	192012.59662872518
188	443.9667000190538	192259.2730124152
189	-13.718819465626403	192183.44497425057
190	248.66580818648654	192512.96471918075
191	123.47585343640338	195173.7838628117
192	106.97480230257926	197737.11682727493
193	406.58488706741747	196676.68367226652
194	324.8369529435426	193993.6033843706
195	597.6427803158898	192842.56365923307
196	465.79076298671833	192616.0068928195
197	587.8751918667857	192242.4877144567
198	645.0847467409401	192129.50009967855
199	540.8422467283623	192237.28109178354
200	325.80382169615433	192401.07602469795
201	-86.44227995672252	192038.82151864597
202	1262.4170295598244	193783.12515901425
203	1193.8468529652546	193371.37773035656
204	188.85240762567486	191803.44920799564
205	310.97381422978333	192011.9392487961
206	497.56417860398665	191826.06777311553
207	497.0313248185665	191919.49755174614
208	245.20970844934064	191994.5198718952
209	407.6617863823263	192229.56993070338
210	406.8292568446043	193041.38816142076
211	455.9650131945913	193723.31383968084
212	196.8906736255653	194967.27050567404
213	168.61870191249557	196536.5972813661
214	465.4415985078733	196435.27146448614
215	726.3860497962014	194290.2272066314
216	395.59920445940304	192394.80099616788
217	288.99714658962466	192067.43732798452
218	451.7435642330353	191793.08542274658
219	650.9325752271633	191751.36120757516
220	503.851597463747	191952.01561858336
221	194.8590207536597	191628.8778785487
222	317.1541365536893	191799.24660412886
223	190.84902463363017	191614.6030542282
224	175.19767185697947	191710.55401589192
225	374.86623794762477	191731.70289909453
226	588.2176150659024	192121.82697612123
227	381.91244282589366	193036.1194534114
228	505.516963696105	193568.70022330334
229	420.2465258344692	192897.69309357932
230	401.16171636907006	193048.05882370484
231	-199.22429553238192	194343.53998554614
232	106.66721280387996	193692.28562178972
233	489.1738264508622	194965.2732659826
234	1080.6961314815662	195487.32381150953
235	361.5198866862969	194045.12311999864
236	-112.67583040464189	192559.10010787155
237	333.12260093298994	191928.4000487685
238	495.5550525610886	192150.48456839225
239	290.29060875673133	192234.55909620188
240	275.91307638279517	192565.14193350673
241	623.4769759845208	193521.78368136613
242	585.1919793645619	204414.81819589756
243	419.20013994472373	251822.85663152699
244	162.41397806137704	271367.55216340034
245	238.8939619862724	244583.88965606823
246	369.03790154496454	205693.5165831917
247	168.93891288887664	195772.09519629378
248	515.5221154089843	193182.7762885683
249	282.07946344948203	192467.71296409777
250	126.87003379188756	191955.99127230144
251	236.0731830456788	191770.75428629547
252	249.91558850350364	192046.62961066145
253	482.5490269748529	192716.0144480221
254	319.8040074797614	192363.15741508637
255	15.370060653407206	191938.69798039194
256	543.2688705085037	191976.04977896027
257	-23.710898131490552	191295.81051004873
258	-1130.0102216206494	191316.51439074712
259	-1111.1882218105181	191428.6419037709
260	19.281875829046697	191446.4189431973
261	194.37539690374058	191424.07374647842
262	202.17258352986954	191280.53819754417
263	232.2808225107782	191445.91434415794
264	502.3858996435917	191264.42363204082
265	180.96382208110663	190928.74176839652
266	482.09026483718543	191102.50314944322
267	375.4876748326943	191598.0840514599
268	151.6658590516283	191226.68579906426
269	493.96612470501583	191462.7152552028
270	560.6115330191445	192429.51292405336
271	429.93611657788034	192514.56928516188
272	708.3647768511869	192116.57193442385
273	5.586635700231998	191577.26564696833
274	487.6841720746281	192027.0722888684
275	606.8719049831572	192170.20954162916
276	168.8110606916815	195032.76018010225
277	-10.262736795136675	211020.58648850233
278	620.7717407780625	217886.97002732125
279	100.15797442457713	210583.50808221207
280	289.54370925584897	197014.6668807298
281	147.02614281837398	193051.4005767067
282	475.6045519396699	192241.9932089005
283	146.01402601433486	194567.9911493754
284	382.11680526353854	201457.077822624
285	88.31551816361603	202969.92883745558
286	349.97610130094955	198800.74963391878
287	432.2544560841542	193266.200005747
288	120.95606051851189	191700.28848022022
289	337.3144200359782	191496.8491677044
290	418.7590872870739	191106.58223357133
291	23.678027178138734	190907.0850864696
292	161.7993707265488	191570.3866126774
293	150.4159953918852	191949.22287577676
294	713.5049351773807	191834.8291938663
295	179.66137037292637	191650.60957929917
296	408.8965255283875	191152.98660671912
297	544.9812141134812	190961.65088557536
298	678.2781669894633	190788.37491399288
299	561.6818541102291	190941.92620013288
300	-95.60483675628373	190906.11967758494
301	32.27496082597024	191085.12905642146
302	299.85422425459126	190919.51472389622
303	436.096915832026	190834.38006832334
304	66.83991140036065	190845.78659282703
305	-2.731658932105171	190732.8437787413
306	-93.73332157822804	190757.45213637693
307	203.85912605727827	190680.52698981948
308	21.49235764330407	190689.7185512395
309	186.85015281527285	190849.9683841527
310	413.55667647471364	190698.27077853557
311	-126.57339832530607	190702.80771851458
312	492.6101922397845	190942.32340955807
313	275.72931322403974	190725.21900464027
314	505.968177524536	190895.64145879055
315	624.1595786845749	190795.08382686303
316	218.83784652451234	190734.54470506223
317	286.3512905431445	190537.5542776021
318	329.7065600429389	190533.86634552
319	106.26519042800743	190869.13155977003
320	630.4439625260064	190842.1418575061
321	614.0585641496062	190992.03260268256
322	449.18002152279524	191003.08223655671
323	459.87616889309646	190694.4426297478
324	657.9897857545552	190752.87731819868
325	148.7151884194693	190782.9920445207
326	160.40825677024742	191027.15001513582
327	616.464582623034	190870.996786834
328	337.71155959701645	191322.2993679703
329	295.4388770829253	191023.25306023654
330	511.0033780091878	190548.49296678195
331	386.2240907792204	190600.85498958183
332	371.7447703210323	190882.0867813925
333	367.3381148850584	190827.72701807125
334	507.66712285862116	190480.1624253091
335	277.6259451269487	190686.47789563236
336	458.53604661174353	190755.9990388389
337	648.2383955174155	190844.57579099116
338	358.4529805039928	190602.7562066106
339	235.8797765415876	190389.92222763502
340	-85.48878988029634	190582.7683355386
341	334.20706789479107	190596.87453060164
342	549.7256729978549	190777.4093566121
343	243.1528015192951	190366.19323140726
344	504.7039377888713	190832.8561566574
345	1333.4292956674965	190778.30253971374
346	556.5884240987523	190630.615556875
347	481.25169182660363	190688.36894010747
348	512.3860013028719	190449.32456092475
349	121.61771936657894	190247.45928841273
350	342.617295973255	190617.33225373147
351	422.9651647272994	190676.30125479004
352	221.90318351210817	190566.57730109684
353	194.32435354894935	190753.20801416604
354	613.5178449298306	190813.56759747496
355	-81.68668708761976	190835.47244269494
356	403.0918000456229	191103.8271204202
357	365.42179559635906	192149.64511359704
358	403.9586757230635	193084.11541453796
359	324.56850169804426	193347.23552890768
360	441.491641027675	193794.1501893006
361	366.5099059520953	197375.31641402305
362	283.6669791762246	233641.64216919072
363	331.5953736146827	262473.3850757538
364	349.1487359459425	253331.69651110997
365	225.20057948683467	214976.60228273863
366	111.00880986668885	197871.6356323604
367	322.66923250511354	194769.88786131912
368	303.32851522807044	193304.60467344697
369	413.4607028822071	196455.03209912108
370	354.39162885801926	207636.50871806548
371	-89.01087797327568	210905.84980042456
372	147.57031705968234	205282.75013894585
373	436.9620247550467	195387.87524967676
374	386.6150248917637	192351.94406211333
375	379.205316922657	191342.65048318062
376	627.2499576873843	190788.3779133764
377	324.58810270297954	190836.3111541591
378	318.7405311119612	190600.5586981663
379	364.1835760557741	190409.5938326749
380	249.0766355896857	190442.49836719967
381	181.7078296874361	190269.69376809523
382	259.58704040362653	190616.4522955494
383	624.5203646644936	190754.77336356934
384	426.482097355056	190642.59514448978
385	540.9007475884378	190440.18723228903
386	274.3196983548534	190698.30727525
387	307.00410125194276	190437.18745479445
388	231.4687150428335	190351.80008779102
389	166.10118515178357	190468.613168795
390	869.0851084866287	190608.78933779168
391	165.12078119850534	190287.2057377808
392	395.3947447087236	190505.28261930146
393	268.806548617527	190343.7185948062
394	617.9870716383301	190424.94873991839
395	301.2325563921914	190712.99990538124
396	289.4945808643973	190575.14254758
397	364.1200423518497	190358.48657467178
398	311.39179051375436	190145.90751877043
399	507.5688105198327	190168.6839695072
400	179.3849106979622	190090.39128408112
401	368.38854022456934	190294.1443914208
402	139.23386947229451	190166.02803815604
403	88.67025230385217	190260.0044100172
404	16.835636082308593	190406.59390383997
405	631.7529649374198	191389.31301698284
406	130.98358247381853	191767.6419006881
407	761.340625490576	191175.63558187688
408	205.31210966697614	190584.4788039744
409	49.9429489299317	190627.5924367736
410	529.4667167212887	190219.97970192603
411	125.21293540162257	190176.95759442518
412	-11.608391391753702	190436.33982417668
413	314.55496148987106	192077.6197498367
414	214.31307933493179	193162.75797746997
415	376.38864589202797	193479.038134308
416	395.306847849674	192576.94413450902
417	468.1297477864031	191671.79756913084
418	375.04771867261184	190776.23696532045
419	498.2686192470721	191105.9399572615
420	434.22567271752496	193123.38047294106
421	107.78734492947432	193858.4523708822
422	507.35329923103797	192737.85962093266
423	142.62313029515423	190977.28025763127
424	282.98978182844996	190539.30230922508
425	339.1627654878303	190685.72191097276
426	207.6370616202186	190272.90773525502
427	111.99858700755196	190173.16433623122
428	399.9192912259084	190427.19995429926
429	314.8127816004432	190402.5273641657
430	824.6671313970617	190992.65230056836
431	465.91442185965207	190390.5733335407
432	524.967964940459	190122.3339798858
433	500.8578105948263	190330.4567473579
434	509.37168403145824	190464.03893633388
435	586.3832756457172	190461.11426534184
436	546.5668431793022	190214.12749836015
437	325.5225850905605	191205.67726964565
438	452.7732725870462	191294.8867262734
439	497.33322043670483	191136.1718057943
440	609.4504968225338	190704.63848975103
441	263.0708056644504	192224.67825945865
442	192.6202428856808	196793.8381626832
443	367.5597980117544	198756.48568124298
444	248.95637865710046	196221.78967271955
445	362.69473106688486	193130.2381872735
446	291.995187606197	197416.80839501816
447	441.48394261830964	200252.29438099978
448	113.50626892649247	199148.55456999523
449	513.8382019158104	194936.82723900623
450	398.4083902188934	193664.94004050278
451	568.6840805455474	193008.95637222214
452	502.5870205620023	191985.02445695747
453	259.9313174144141	190805.2252532265
454	445.1355730210908	190599.7937423157
455	330.4848516440185	190422.30695512006
456	432.5921304599098	190869.11136526323
457	28.234010568756553	191011.67319456628
458	593.3679422276756	191311.9992360665
459	107.2926646363644	191318.27361677116
460	184.85208854566338	192617.95679319062
461	308.3446899294964	197209.72491492008
462	545.2335308026778	237186.6345787778
463	-24.6992600374569	455947.05396516994
464	426.3402437744975	631778.819048135
465	197.67666056190842	635099.524496573
466	313.92832717163014	411283.1456121345
467	717.7264608728142	274968.3394663868
468	422.939314513411	229905.2167660579
469	667.4788439197242	214673.22269890015
470	160.01468560734625	205681.07749960202
471	326.5018808385585	200187.13455888
472	26.062727763881806	198840.9166440415
473	399.5851477400248	198401.14441362253
474	306.523942247979	196635.78146013178
475	297.77684128032274	193852.88524531652
476	531.7390098217974	192019.51770938592
477	365.06654089558396	191544.8015732428
478	392.93300405640326	191105.97238297688
479	687.309699989837	190977.09354572798
480	423.00310777960294	191232.2503971651
481	348.8838597690243	190943.49613079033
482	417.45537298894504	190528.06217089028
483	-3.317111038143696	190773.44286553867
484	607.4549558744361	190608.9570384698
485	253.55899312622978	190868.15100705362
486	277.47933004156715	190929.08051416703
487	331.69066786314477	190403.4030924937
488	499.5031646107032	190830.9108581181
489	437.9405280297648	190409.8552475986
490	532.5668613680816	191861.57449882865
491	522.3240062543971	196101.68428348983
492	413.30660713987817	197842.72919684963
493	363.7489551558929	196025.59629488294
494	121.68510106597559	192146.9861231837
495	473.449616141744	191243.32695124467
496	232.45763600876782	190734.57848454994
497	449.3849228043098	190535.3690277038
498	809.9031577715106	190204.67577602266
499	503.1177015599928	190275.1195381092
500	282.617516458232	190503.312262953
501	646.8773529342634	190148.41345944072
502	353.313911235846	190054.72355081936
503	251.310831421168	190228.8893659563
504	266.02907336378365	189994.63383448534
505	497.3814479179348	190219.45085542288
506	417.92792619827253	190331.63166966784
507	308.91243134209935	189902.19429115206
508	275.3115548200815	189842.61689906658
509	5.192370029881324	190131.32288549963
510	2.225693068673639	190090.66507057278
511	325.4802935219923	190312.3381274386
512	220.99647807635563	191477.70020106185
513	427.7652718845001	196299.81000413117
514	492.41666829376834	226941.6741545238
515	341.9160473741977	254784.44942846664
516	-22.888329478441566	251262.77015329615
517	116.14934508495809	218844.06582864583
518	218.37286412589032	203655.2097347011
519	240.14145452469356	200389.03753112856
520	677.1813127382445	195817.58254843953
521	326.52084461065607	193516.49067201721
522	187.12785825945218	192724.186026876
523	500.9013279622726	192196.06318711722
524	479.5168021557759	191737.43072989577
525	316.1129698934749	191111.21330518567
526	318.777137406579	190628.79730391037
527	472.5225003444617	190277.20596062546
528	632.3878535264294	190166.3494612427
529	154.589785497322	190512.36440180673
530	348.467539974174	190234.69966261025
531	383.5923776175619	190312.93006077854
532	435.32909278187265	190484.17090870664
533	184.8484818156586	190511.4860927066
534	475.31024116973094	190256.02201134828
535	-11.957647027186542	190283.12433217803
536	174.74808841343832	190035.05501129813
537	519.570262894119	190482.2329803642
538	314.03583411066535	190177.696459388
539	450.611163701956	190167.63956505485
540	408.52210439140225	190115.8332474015
541	83.19161958182866	190465.25442621883
542	95.95398948601203	190181.52237958394
543	147.04714118147845	190457.31356420417
544	362.9443084908336	190235.2468998456
545	106.6014011784074	190085.0979229159
546	678.0282185003316	190220.70678565916
547	737.4069398326816	190305.22271510813
548	1992.2128627096722	190613.4433134711
549	1715.1299178267527	190512.0269301125
550	314.6741288259407	190348.7567529686
551	79.57621433029972	190154.0853847836
552	374.0223330785085	190380.5728328926
553	523.7809949236156	190589.13980568087
554	557.8995416504827	190775.85927130832
555	44.75058059497317	191091.4446219269
556	169.19790982259116	191011.22710445372
557	101.79849673281137	191036.05378877086
558	495.4017403272876	193678.52304977487
559	439.6966474540339	208420.4710004242
560	585.2252566079404	336345.81065136136
561	260.00635745841146	456000.1757038641
562	278.8911569923293	466314.586469498
563	576.2745013054172	311107.4450076983
564	335.1481812586837	227464.82291625306
565	329.6485852919596	221571.79751560214
566	884.888591566235	215237.21614270174
567	242.77090353153122	206656.96452014399
568	156.02121059357282	199347.81170862357
569	369.2445759030368	196148.0963069864
570	588.8414962529804	193794.68627175604
571	321.932900750344	192680.40540009388
572	323.8734940461149	191608.62196496464
573	351.24887846731485	191284.20612271514
574	367.61408471840036	191105.44785795902
575	369.4848152191163	190541.99022180066
576	239.76847883884136	190664.22161440903
577	206.4025872449989	192712.09686729612
578	184.23909614881453	202306.75211392308
579	407.3732638105422	207507.5111334677
580	541.8572285032982	205257.7368219674
581	373.533599403332	195430.4280333571
582	393.13235035045676	192058.6185617144
583	435.58102315414436	191461.65965531353
584	350.4460144143986	190846.34615806604
585	569.7268100726076	190785.12374763496
586	741.1262218294893	190055.98288525437
587	633.9196575432642	190362.1507928557
588	682.5921506804752	190135.80232228103
589	905.8126500147015	190109.34182114553
590	344.5595539757864	189984.4847059337
591	826.0810595485824	189783.58267553462
592	904.424174693504	190095.1786166109
593	446.8826662498329	190035.2859942579
594	427.49755187428354	189842.4563045414
595	325.1130715331256	190545.1030008751
596	315.03375091491586	190479.8863789328
597	355.12863167606486	190698.82376909754
598	247.6747222428297	190241.07633882968
599	403.6986095637207	189626.82633183958
600	463.36222298411326	190307.522085619
601	453.4157668967585	190349.8371312567
602	680.7638247854181	190235.85783996034
603	439.220600146559	189914.42563763558
604	182.5103715259047	190029.73920893075
605	606.5571204950592	190028.32891903355
606	527.4205238768716	189962.71520536506
607	297.7552752785037	190208.1236406374
608	724.4982385820966	190022.38180028487
609	393.1215410000867	190103.65509492668
610	273.2816681043758	190069.6310774557
611	351.96700165112196	190134.39685535672
612	311.6767652912541	189844.94376859255
613	619.9873161706544	189655.56082451792
614	291.58350980507703	190065.8733753936
615	202.24709500499532	190017.62765188425
616	587.6631017556203	189660.62845610236
617	578.440544477186	189659.17934474457
618	642.4589943920527	189635.08358936693
619	256.4642564822866	189691.34976452254
620	520.2334097005223	189562.5988956461
621	709.0442748490022	190199.7045426659
622	569.3469144497623	190000.56530709285
623	213.99085555254538	189615.50304122525
624	580.9937501978231	190088.361699293
625	452.4858685627618	190298.92841473437
626	232.4485130484918	189715.1616567419
627	314.19160479483185	189562.57516173337
628	446.66892291078045	189519.3480444196
629	303.75939607911664	189900.9263555784
630	383.72671120689597	189671.37102928688
631	424.4634657045844	189935.9144188345
632	419.08612487499414	189883.6945502659
633	557.1020980782241	189954.2523614696
634	439.750955304822	189741.4936322109
635	390.4181173195505	189563.51080293977
636	548.5897126843859	189841.6708677996
637	372.9682435043731	189572.88376016024
638	68.97779463902405	189616.70772146693
639	226.216479973359	189691.76511327227
640	755.3478532264998	189470.5228164109
641	498.4187634887926	189546.0090384753
642	666.4937584638725	189466.67651349615
643	783.0837351251083	189936.66915349037
644	390.0307741228259	190572.39412798485
645	255.61661567326655	190531.15550657487
646	476.52924898518387	190990.99838210898
647	660.6121906112057	190861.83178448703
648	234.44578762442396	189878.17188200916
649	87.30348917930847	189787.19902010087
650	275.6284991953029	189782.01711106385
651	509.8555339523414	189700.888603894
652	905.3161126500113	189501.35888290638
653	437.2027584947067	189488.59237384095
654	401.3708437526119	189507.52039856548
655	409.8197217842678	190411.66487806308
656	233.08778365555054	192537.86812307444
657	542.2031736228918	193744.66788290415
658	501.1136131718506	192932.41179690638
659	245.26999106630902	190773.06450337727
660	235.29835556717384	189901.57592660832
661	387.17632633681336	189710.8614802557
662	489.89744750013136	189631.84118519587
663	283.6021599628699	189859.35338368663
664	449.75870198869154	189770.52263027526
665	551.3447365636401	189998.07170886805
666	798.0434195004464	190231.71288047216
667	133.4177041661424	189871.54598128836
668	116.54956566445047	189684.20705112166
669	523.040873603336	189614.78082098046
670	442.3449896235547	189678.33972612966
671	406.4581317629916	189390.04954888573
672	521.0690428111138	189772.19176579372
673	486.97819290125454	190010.20122196135
674	716.2565445544595	189613.26976682362
675	528.8241878861825	189614.61954816183
676	663.343039173432	190140.92345311955
677	142.757337589667	189378.57971115754
678	366.03924496645567	189515.38406503198
679	460.006046288147	189537.4743879128
680	438.4332362240771	189758.1932861012
681	457.27620794305096	189784.76184500247
682	252.74422293517085	189840.28221007372
683	458.13502082809754	189835.55835017553
684	488.5911830251131	189585.10443164877
685	496.4797772899124	189659.11443040427
686	653.2272937241604	189877.04977273478
687	560.4703189171175	190519.06800879532
688	599.3975861846853	191112.03301176953
689	759.1890694585844	191616.03109208663
690	626.5706229245291	191150.79474777135
691	455.3332784234204	189924.6078222516
692	451.7936939505012	189855.89466345654
693	397.6130051723853	189705.27007247767
694	368.79070353444916	189801.44717331047
695	556.5059609832291	190278.15847787875
696	367.76262889167793	189818.03376303922
697	452.84484424544615	189949.28182579746
698	737.2936924215148	189941.09116531274
699	456.38531341116703	190682.83055527406
700	366.7629453432843	191647.5694745743
701	646.0839038129756	192711.5787616456
702	346.70992726075764	191624.18689591042
703	176.53366421203302	190869.15014711587
704	472.26727334804286	190782.3769582282
705	278.12590421484595	190360.41562665135
706	286.1824690623023	190420.81959797465
707	334.11103475633865	190343.28431565684
708	540.9528984103222	190254.38836123853
709	174.20604977619928	190626.199589036
710	556.6681147978637	192340.07796388416
711	525.9729779458994	199463.25054610035
712	252.07235724934657	283810.60682336823
713	353.35720387603567	382642.7386147805
714	384.05399732494413	403028.97488358006
715	345.3602990515427	293436.6171231715
716	360.4576759605162	216127.4131956078
717	530.009650812242	207186.72923358105
718	261.0291659050561	203799.67141154123
719	293.1073842613366	202313.68324571464
720	180.10261224671942	199559.12652495806
721	207.8461621325246	197179.16268403333
722	274.9673366068215	195956.60167072926
723	369.69173196192025	200088.4835874736
724	302.3671076661775	201961.72305928127
725	671.7867382398823	200345.31444810226
726	439.96545073068177	194560.59238116743
727	316.7107949791538	192106.32014598913
728	409.85092929394233	191650.60730067562
729	442.1247671635313	191591.88425209033
730	534.6468817401463	190885.35442336017
731	842.4179041274043	190857.59871889098
732	414.7341025646292	192957.28157136988
733	563.0807583724077	199158.4774110809
734	379.08266955878327	209523.70936342582
735	678.7097876325333	211844.3840737488
736	895.320401403896	206189.225737821
737	339.0019800420068	196000.29418843566
738	391.96849723794253	192165.5281548694
739	676.1301628629764	191353.66442978024
740	464.198722010119	191230.8587588687
741	209.8979580471819	191280.62336140755
742	397.68964116744723	190574.31736259582
743	426.1340513012248	190284.6880339091
744	713.9807683633808	190090.64315469822
745	428.6235853746788	190001.14602060925
746	270.31609098734606	189728.69795827632
747	178.67595548803996	189640.6290901991
748	253.00530960822385	189882.2560183606
749	768.3635049084594	190453.17448041996
750	625.3764721899538	190218.38448787283
751	329.6329911592582	190563.32616546354
752	476.8435457127265	190706.72303457718
753	665.1688247616112	191335.87756081184
754	379.2376721525032	191965.24849446578
755	184.55891677636703	191853.1007655379
756	445.4989565932068	192002.26934024112
757	401.56737476110584	192321.6659336675
758	321.81876511828347	200093.80422135151
759	575.6953710589281	222638.79102845743
760	532.9641035857047	234804.29140192192
761	739.9135781613414	223600.0024849121
762	374.53090187078226	171213.0479657657
763	190.6586481214299	108014.62674043277
764	-48.33393603728847	50126.229055529584
