0	32.920993139282274	142239.21749235658
1	55.9540840530739	179158.33476278427
2	251.33753720128357	178796.9462886228
3	134.34019913110512	178800.63600743277
4	141.83723412440213	178072.8427146729
5	288.5128389245915	178183.64948855143
6	320.9164227351842	178293.80642670242
7	35.023222558148845	178023.6742288088
8	-20.218028084644516	177942.00333690137
9	352.33321932621215	177998.9982652325
10	366.7171289843295	178486.7021550361
11	-265.16226168088093	178280.4775345046
12	240.6581706205389	178389.5112012591
13	550.2112669442572	178011.15926251767
14	205.10280524215096	177911.0466882271
15	212.14795497022575	177837.68082554688
16	384.180485896954	177966.8919939307
17	-93.22085726774142	178398.91012397106
18	125.13017654088799	178319.938210953
19	149.7679561524097	178691.5400221032
20	204.1180820135738	179042.99301694465
21	188.1852410185833	178182.20090801388
22	-109.68114181381006	178525.17636596377
23	107.42893217950895	178755.09115676527
24	308.6146045897737	179199.48175026622
25	-241.98508117084214	186479.97945449082
26	-336.3861034096622	195698.91778929223
27	178.6702347604376	203566.13105024837
28	360.4447908917419	213134.02554436642
29	221.96788993679533	195742.78908066667
30	106.5716703572098	181508.9599257592
31	235.5317000834215	178047.78527252478
32	-27.815931953378776	177408.09424030557
33	74.31791043783804	177240.99132559955
34	-71.90604414955787	176978.41356985265
35	-182.03591588468564	177117.2223322686
36	15.707068762862763	177142.8326019385
37	-74.95232148827648	176841.90980326087
38	150.49576820176267	177045.5189291899
39	-54.86319325407639	177012.71684335737
40	121.19457374157905	177055.24265058507
41	-101.6865894120032	176943.7340220052
42	-96.17241548097769	176715.44344365146
43	156.052312470483	176643.60146995113
44	3.27308617639492	176759.1885125209
45	-45.66440016611161	176769.62793191266
46	554.5669109625882	176716.84422510018
47	348.58956370168215	177053.24275813941
48	349.8631052373604	176836.58251852813
49	199.22677404276655	176668.92980484138
50	-62.19268863854911	176677.89738992148
51	68.89491489263173	176607.49003426702
52	-14.350723893792914	176414.1375824222
53	-21.012358130609332	176548.556984597
54	45.167679961334706	176337.08928965995
55	307.46712805033275	176210.08896030489
56	148.09663698709494	176279.84490939268
57	283.86621027898076	176354.83883094293
58	10.446202964898085	176288.70437159544
59	274.3224296113257	176193.65057237248
60	193.46166994454936	176152.75081780116
61	150.15383643768732	175953.5241640821
62	324.89108077516863	176204.3090318232
63	159.78652715074986	176069.46290531638
64	272.2230617806522	176632.19456576824
65	-2.1904778796018327	176965.98548739793
66	33.186826167569585	177274.952966413
67	169.2002510263914	178623.4580718092
68	94.9648448199129	178610.0846825847
69	264.49941763849085	177011.59829738346
70	109.8479963563054	176313.43293267206
71	161.5762007304424	177639.12057764403
72	89.81694901478014	179660.3744814148
73	397.93212804617644	182252.7392344919
74	83.5169252071611	182850.81436256252
75	-226.21754667154025	179187.94922445324
76	121.66325505340431	176521.03631840192
77	335.37569533596843	176098.99109367718
78	-99.17360083327192	175504.02250612757
79	213.51620140717992	175343.5934886181
80	320.0391608274831	175228.56021464602
81	5.652086462850441	175327.98170655643
82	459.69727468235106	175601.44324655764
83	332.7207767426299	175820.25475595493
84	135.05415974207253	175808.39849961665
85	148.7489492920896	175724.71038664243
86	-46.12040649593524	175856.5308828369
87	358.59822484665443	176916.38444406615
88	79.82747831431382	183761.4589380299
89	474.02213166198754	208481.21941862744
90	735.8595837188523	230418.62607556852
91	188.43013404258403	261546.9727766548
92	31.560024196578873	241135.34335276944
93	355.72093547830457	214984.40845378998
94	233.83831739259975	199287.82764010376
95	85.47973703843101	183111.60796940431
96	171.97268626612305	177147.73452581573
97	377.7488217876343	175519.04433214216
98	70.23668735787976	175344.19074983257
99	82.66524010117237	175348.43412977856
100	105.47232788441755	175338.23030827384
101	333.80385169325433	174991.90371975576
102	630.836052789653	175158.87345250233
103	305.53304053688123	174988.27364226294
104	117.39768161530907	174879.66203055286
105	232.60709278277352	174907.23029851937
106	-30.000089824833253	175295.0225019162
107	351.76473578424094	175091.38216938765
108	233.06636245660235	174798.39657214808
109	46.474770046978435	175089.22885555425
110	396.15528393218943	175234.3077954295
111	58.02798518542717	175693.24298240317
112	-5.988838051901046	177176.04235925106
113	539.8780887553617	187109.60147101115
114	70.29491625513597	231191.88941692546
115	150.86909166325182	274893.4888487259
116	170.91223242005685	318794.22801759705
117	7.871536868549596	269186.39591273764
118	254.05911666041962	201240.11812714286
119	461.9914188859835	179615.38479683455
120	52.12364019225639	175661.88112627488
121	1898.002533401083	174563.0695252489
122	4773.423626216941	174577.47542185723
123	5494.548777191594	174497.0994231017
124	4430.222390889203	174647.53632722306
125	398.22137739615255	175209.50906383002
126	670.6660480942727	175274.54551113094
127	294.7933321964964	174962.9288134278
128	152.32566804630588	174611.74134777722
129	58.3763122311549	174599.90607106718
130	308.0496778946524	175434.09594285418
131	181.97372947422417	178677.66820104604
132	6.123109594275197	204665.61681258952
133	256.7120890394458	246120.07912567063
134	296.60835645142475	295006.30028998817
135	7.321793970355575	275949.43137595785
136	470.26573622077757	210977.02813085096
137	-116.82752774181178	182123.8039379503
138	148.21224660356134	176056.44001184343
139	132.91606220612027	174737.2319487204
140	-57.59388670522973	174363.58247955554
141	242.6195664227185	174076.51961228414
142	162.11621605683112	174247.6087632903
143	252.0725628147362	174196.76385821318
144	84.36216045812454	174413.53260460324
145	581.8215429618349	174052.24798280958
146	634.4263840590962	173841.45518572305
147	352.8399621804371	173725.8718631887
148	376.8317212047473	173567.29793620427
149	240.86483760028014	173656.58890490944
150	171.176942219725	173455.84444780074
151	188.64794563832197	173561.84408594866
152	-281.9585351153119	174425.4212163588
153	21.86706067997614	175257.96123766215
154	248.3647853647007	176047.76765106784
155	270.71316826348817	175238.33652595954
156	514.7350229789935	174367.83737152483
157	94.95513582833101	173769.1961739149
158	191.4275994783031	173799.58426228445
159	310.4742952023542	173479.78589719842
160	387.70614632464145	173390.58257603992
161	-130.12166168771893	173652.44926941209
162	-3.2081679706479456	173560.21810169664
163	-13.313124967080357	173568.34709318384
164	427.22497684407745	173322.5028080873
165	-15.190606559755285	174025.10904945483
166	184.33243921960718	173700.93604164306
167	245.13375262427215	173512.2375727696
168	238.24083470883141	173724.15424156145
169	-163.85479422348644	173655.8041545843
170	122.44730404925949	173767.8861614604
171	361.7516584964727	173922.5451517924
172	-41.65677068568502	173808.82630147747
173	-89.97531668922085	173440.7784093911
174	222.6487491607363	173029.3311076384
175	390.6067603885061	172933.63921776833
176	-311.2220359025549	172933.6702191662
177	77.72556845590167	173139.18457576365
178	191.15058104843544	173197.5922851933
179	80.27529756637139	173285.265936327
180	-124.35270256643625	173169.5547696746
181	264.3231686384095	172858.41282494777
182	187.42808041483272	172910.9051590887
183	-97.51768728604729	172848.4677903338
184	79.15636773127869	172955.36089301598
185	312.7065915896204	173241.96965931426
186	-20.707039052706655	173074.07906180876
187	265.32150494779086	173024.0073558339
188	276.45426595754276	172975.5056861823
189	148.51044350072107	172888.3186073071
190	63.39243812056603	172832.74525910796
191	57.90314688927094	172647.199278399
192	478.80396492149083	172660.8562879437
193	141.24344971205738	172672.18370183423
194	269.1112684758589	172653.27005596185
195	275.3251550665808	172772.98928641237
196	-69.35272759345176	172515.93721341784
197	38.759975907190764	173428.62043102822
198	157.2748146786435	175297.0855662404
199	-35.6260958418272	176879.4420338023
200	-109.11546508985288	177410.69154659842
201	-83.34603229417046	174687.24428440028
202	245.2175575075682	174313.72271318754
203	671.7174673422267	174058.36447777651
204	319.3724935694856	172750.45338219588
205	203.06422750302067	172795.3503949103
206	-115.42321236174054	172495.6388174693
207	38.0498136846888	172627.7493764778
208	449.933514003294	172485.19544317073
209	150.7720225902306	172641.52214619255
210	226.78714493654817	172699.44946979234
211	284.80096771714375	172496.82998681962
212	141.2482225606846	172420.47153637002
213	119.206634596168	172297.76345873682
214	554.6263954514809	172446.97204250642
215	55.632745445692265	172317.9059665373
216	137.2710096771376	172627.36492620083
217	28.44236743444353	172994.7491441521
218	-104.1986781819662	173820.39129020233
219	134.76255733640284	174347.76396848823
220	245.6848438905978	174638.34408579196
221	528.7592068336676	175109.87697708243
222	-588.6653275177006	174098.55421522137
223	-519.0184422107502	172939.0312104288
224	57.10252161447931	172654.06452662984
225	12.885218326337862	172223.67689504309
226	449.23920569571885	172256.654673603
227	413.7647525807767	172131.0892732423
228	312.88151957235044	172013.7508207712
229	244.20732255498913	172083.04068405507
230	45.61272739532798	172004.15151410448
231	422.21883576128914	172183.1289771555
232	367.64851141297726	172085.80961334164
233	237.74058470379987	172338.72138430784
234	323.1459662532917	172966.3117689578
235	-79.34399987179088	173650.69110301114
236	249.5571245069498	173191.26534661168
237	146.8169348705665	172846.87991743544
238	508.5395030388364	172451.5133640319
239	254.52999528401793	172378.50477512687
240	139.15448861135374	172666.56251591
241	298.2890239948131	173444.09133352086
242	99.47654709817732	173380.4441274257
243	199.29816184788177	172904.1486531847
244	-84.70592096677908	172479.05910788232
245	405.10283902462584	172236.3204246625
246	258.7495268756755	172287.1486054483
247	208.92966848294634	172622.32365899338
248	261.08538382968635	173525.11104959348
249	-70.09413568111707	182299.86714482703
250	126.16927589435537	212130.2318736487
251	120.25501632304902	241334.8730118567
252	380.79386139789796	227375.40679519778
253	189.79072050527705	194931.89802346178
254	296.0781119383298	178377.94285779
255	-125.43949133381862	173360.7143351582
256	181.24737539138908	172598.62114586125
257	13.129920340951422	172273.34506295354
258	238.2181340019748	172171.17283618092
259	165.73631498911513	172318.02163852312
260	81.21752744669428	172882.42770271396
261	242.5574323869818	173220.44054667524
262	151.74740178729883	172641.41316740686
263	-67.01186916702859	172189.49091518344
264	298.8560740985242	172193.55711587393
265	154.01432686880506	172032.83415908387
266	-140.79286140143572	171667.09523823307
267	122.95329788873886	171701.00290122165
268	80.21313627375551	171574.93076663834
269	269.3443730945391	171688.30264808607
270	181.57952215605044	171903.15835313196
271	607.8365075578853	171772.9928444159
272	267.18574664795796	171828.88107040283
273	185.89261657439758	171870.49449986304
274	85.47871113957696	172185.24515720468
275	88.62618023342944	171890.11040570936
276	246.70351578468518	171838.2569951274
277	377.8097009857559	172092.99133271913
278	269.9387159176708	172493.1024679251
279	228.2337090875498	172042.84570428677
280	192.31695062874022	171979.75190694755
281	46.032450709765655	172074.73563453698
282	346.4676038177088	172235.0444808531
283	356.1758597853187	174088.32809695604
284	178.48964897157325	183224.9127743553
285	-160.65146199829283	196055.01203048235
286	175.97652531231032	193180.04424300813
287	-141.8574067033792	181287.45479791876
288	263.20151024059896	174596.2162455185
289	188.5995276082205	172502.73424835748
290	160.27074068063988	173579.76375961144
291	394.06279649129846	178016.3232895133
292	125.15059980926678	183217.72076365552
293	226.8488060766647	180353.14876010822
294	252.64157422177723	175000.42092549577
295	407.415908628536	172540.78240977897
296	211.49539079933555	171817.86139845834
297	270.65696278481204	171485.69707984568
298	539.086532561977	171474.9363429342
299	363.64338009758944	171614.20660364276
300	268.0293541820079	172018.01987732752
301	253.8231464272795	172352.0704473457
302	14.450041859634272	172189.67357128367
303	150.4044436563306	171975.80706649533
304	520.6791891787246	171736.94159280174
305	138.9852818603814	171669.85974375508
306	329.852622957977	171622.66200676482
307	97.09486071620849	171301.64594278787
308	148.7007621667924	171404.56014490983
309	191.98910831070754	171382.39322948715
310	-19.765493367851537	171511.65980767322
311	231.6921624242755	171608.68823171424
312	375.30367403322464	171472.4753775698
313	236.86493958751822	171228.44587123452
314	213.85163260284958	171251.40820589362
315	240.72832891122934	171631.9405585581
316	156.3872648296582	171626.37835571982
317	474.43362355399665	171319.85411320924
318	289.8107170227766	171382.87474685762
319	95.07091753483942	171518.09412195787
320	305.9843360228265	171419.66988017104
321	115.62927066543469	171284.28526621728
322	252.0574211532187	171398.6871534219
323	241.63207521848202	171176.38208255387
324	98.25937069259665	171445.98022034648
325	123.47655517212834	171308.96914590034
326	-52.02407342340167	171467.709292971
327	88.58468881323556	171049.882831813
328	278.8305289455158	171261.9625883403
329	142.05352432584286	171506.0437082568
330	23.870834647459596	171376.65571533528
331	264.1486382714974	171376.14646509383
332	153.6260855875512	171249.03111869266
333	73.62765742400589	171364.41139800407
334	-232.86702171104525	171532.64905650783
335	-33.61726301894713	171654.9597061482
336	365.91614591729024	171715.66412413665
337	-12.12937588102827	171560.69615921102
338	25.03994104971176	171466.3432083368
339	413.4957857851104	171205.2163977483
340	437.2920898214097	171391.4155767666
341	317.0924191819552	171236.64163518167
342	328.3390995108218	171029.86686946114
343	265.18172194161326	171079.12337089816
344	220.13010731571705	170907.75929876187
345	12.343669003760787	170806.23914397665
346	181.3293542590231	171219.37273884614
347	224.40326458088782	171440.20380578007
348	257.2569751011828	170976.6011624988
349	236.08499679634667	171030.07816127717
350	350.09212245372885	171094.4317010095
351	-33.584202852543186	171266.23195393448
352	178.79955472406104	171050.77054793682
353	261.21780378831664	170972.89195041388
354	154.46159921360606	171011.80440410285
355	252.8572341675459	171056.35173082975
356	355.11485702650054	171279.91335079292
357	179.38278952430417	171112.04679315965
358	324.49486281575724	171333.8667011268
359	69.84689039448924	171123.60637570918
360	22.890234251114286	170896.18706745084
361	323.47346408011435	170950.94100696626
362	262.88420120177767	171299.57394578485
363	212.20796130427485	171053.32855649313
364	113.36987065701072	171415.68617234542
365	240.84316065668574	172182.65390887263
366	7.781229255542633	172944.01154158
367	179.08655404545456	173443.20998489228
368	-26.03767518991574	174689.50187265076
369	423.3912684529354	185677.21163073718
370	501.929327909373	224419.15657560466
371	474.586941930314	246517.0494828246
372	415.6188713966325	213598.78064338944
373	128.89326286404332	186844.93384475115
374	350.1432527455007	175730.80150766557
375	240.84868317511888	172722.5323042876
376	303.7193538393328	173385.0368859367
377	138.67861773717448	178351.07675072836
378	-26.25124400133108	190378.00964252665
379	55.397570005956084	190145.69735590983
380	77.5912266073596	179629.44749877634
381	234.28458431438384	174301.27122195333
382	332.2054409081667	171757.57701946367
383	122.73905091294947	171392.3516965565
384	236.3349027353205	170999.72168702565
385	285.93491151045805	170964.75720993048
386	-45.26730036389448	170873.72577525937
387	226.5931435579732	170912.73680454562
388	242.92983624908544	170706.17869018516
389	176.52287881658992	170981.54790638448
390	-108.43023107093967	171139.27984492516
391	109.92975361376197	171061.1428273579
392	314.3848752142373	171139.38435871634
393	-8.263204073789083	170967.01510342545
394	391.62070125603196	170622.90268942688
395	320.9477026584292	170894.3236746944
396	33.64778648432526	170879.39817890548
397	408.1279506390333	170860.34864075374
398	395.68177783772194	171025.20094463375
399	81.35978896017978	171102.66122007562
400	537.2131994644743	170976.76515645595
401	121.56427646510376	171132.06424458668
402	21.534965605214	171051.48904734035
403	160.75893335671728	170910.68569107927
404	164.71668554221515	171055.17733927708
405	336.2436891422729	171058.6761216674
406	366.8286822543747	171006.64622786222
407	598.3937470654803	171101.85003457434
408	12.225032530023416	171118.1689919865
409	193.37029171982954	170974.0728349457
410	160.95903757553043	170999.08138678063
411	270.92992430308703	171219.89379197726
412	294.1635105212743	171199.71164937067
413	33.392268456065814	172107.17970719497
414	133.15161890705352	172196.96574921245
415	412.27605927146595	171515.93649480282
416	300.0974489684184	171087.34613258505
417	364.06620043635274	170903.66273426343
418	338.6380040007645	170923.65936062776
419	363.35192994798314	170843.9649605367
420	297.20650435716254	171384.9849040506
421	265.36709588950254	172557.0641580673
422	38.739273760295795	173233.18574630507
423	156.07584546919384	173096.052795986
424	95.24988868746362	172550.85734261526
425	116.99286252506275	171646.78686337438
426	-36.13965607926221	171111.61446070575
427	304.0040265268252	171400.3938703603
428	484.5900666864551	173408.6576416986
429	428.96828141878336	174073.83138551185
430	408.8666284575966	172680.99125691102
431	607.093058653481	171491.34280701444
432	-149.61458691457688	171001.9316533638
433	144.89541032804343	170876.87267986138
434	349.44616696746755	170825.1054889192
435	-122.53296622823251	170740.8809868591
436	26.028676754993377	170874.2114722684
437	239.41531990582388	170864.06708908625
438	311.86915788777503	170546.0969033668
439	-12.011578021018774	170978.3447182955
440	370.99293974912354	170794.02926636193
441	504.313463212559	170843.26370602276
442	190.5451342061508	170783.90044312293
443	241.83506221785004	170751.3972567902
444	-76.15576836232145	170669.82802816352
445	61.65148318469319	171498.6206306036
446	-264.60060202500586	172040.46078563153
447	132.62216632641636	171673.834945484
448	16.938004417967797	171561.85431016868
449	452.92367060517614	172903.6482159334
450	341.6738435256628	177561.41991737066
451	49.15763685303217	178716.31902960112
452	208.52465947391178	174975.9348152384
453	256.2511218881934	173759.05381398206
454	239.01511132722646	176928.43126147395
455	225.9273285686218	180927.49561689384
456	90.68684505998853	177224.05689513194
457	46.631403152225275	174584.72555441954
458	72.86745424318207	173852.8492513556
459	79.1417880402341	172023.34049732672
460	-24.91373326362749	171502.16617968844
461	114.20978281030426	171024.73639709037
462	391.57828367331126	170597.90114453153
463	-60.222625220170684	170843.8364938347
464	-84.7101572506908	171112.38693366328
465	270.11744236641397	171455.94191281268
466	124.55489440745897	171429.88879195467
467	99.53627614598744	171568.0493280218
468	273.0365873385331	171937.17571984913
469	228.05234230422437	179303.385077962
470	-96.9977967387396	223603.78114723152
471	281.4233324942263	420392.7886151656
472	303.0391212064226	661598.9690620485
473	383.80337574519393	550625.8551603197
474	226.67379169666395	364115.59590585745
475	245.29767744315907	249782.87243860445
476	158.1343896299278	198479.3803893827
477	125.90813982891316	181897.97970003585
478	163.12225706944213	176608.4039393197
479	193.4912764498588	174400.06048404684
480	141.91568333767825	174436.5576587942
481	-31.954900926850588	175743.35322318663
482	312.46212810681453	174511.4624264044
483	420.046271984706	172757.66665869893
484	199.1062627452811	171998.56586049794
485	173.8908018384287	171325.644388547
486	564.6915620823548	171028.8584956823
487	415.3903237281739	171058.90786362253
488	182.61033738553778	170896.65601892452
489	-59.89867324064528	170835.12492999496
490	70.23794610303771	170689.68113517162
491	349.81188513398143	170681.1872060011
492	481.3420945970789	170925.82469699695
493	286.4555121938499	170978.08704877822
494	360.959050385175	170903.15334827927
495	109.32077105843722	170737.92803881827
496	111.97260434781684	170824.6840660357
497	19.323248248584626	171024.069961828
498	141.56518687669836	172040.75906834655
499	114.1273587339347	176112.01658420925
500	86.14409617699881	178934.85591384646
501	185.57279729792904	175041.38883262084
502	437.61616906970994	172525.63012309204
503	82.68294001405107	171509.58355264412
504	-2.9238860165629568	171038.42913254775
505	135.05823790359216	170693.13040339373
506	274.89944954523116	170595.02944189787
507	-3.0386329452003666	170887.7387988403
508	258.3237855448628	170769.66965515146
509	87.79086180256898	170532.1809162289
510	164.17107274173108	170471.98146032554
511	24.966039027014077	170698.6999370273
512	390.95017889024865	170891.0116434351
513	59.22255945120265	170438.6640545847
514	356.19329893357576	170668.13371839127
515	404.1545200271695	170783.47810967139
516	239.60267013965196	170771.76794999052
517	211.65668781187338	170485.78553509153
518	227.16095094424026	170339.94366135023
519	180.7133572552819	170903.56338535636
520	331.19936985518797	171764.23800956816
521	191.88100449210054	178599.48783301527
522	10.229906128970054	206397.37597618336
523	67.95147267644279	246242.25844415522
524	185.85313713130563	227954.93988576875
525	155.70750477271363	197486.09769243698
526	366.72691543601553	187941.84529947926
527	485.4311697399652	178838.641906801
528	368.44668052444075	174002.79692434767
529	217.76340736547215	172412.44430918546
530	407.3546936268743	172072.5780843197
531	367.5018036656451	171923.3120160609
532	240.8017829864631	171554.87402768104
533	365.35712644917487	170814.37243843355
534	20.574550620117876	170997.81624244177
535	336.7456065979472	170677.67744364645
536	319.23795067104123	170478.56477173182
537	-73.20367370129938	170577.22329865774
538	90.19192337874301	170461.16046926164
539	221.05990229603833	170450.2408194352
540	515.5706743038984	170522.19106503742
541	505.85502723230735	170432.26121453376
542	60.89114782711669	170546.64742945242
543	-10.828433762057049	170608.27491377477
544	255.98177552213622	170726.1614559059
545	142.1331289552505	170830.35604362687
546	269.563060537635	170591.9932320135
547	278.7159952560273	170561.67004757744
548	-64.36989990114145	170700.60376079928
549	210.14012061581641	170690.54826405668
550	159.74732309539607	170521.40171096375
551	406.6731069438875	170671.05948033006
552	-175.55420137799473	170505.6047526168
553	277.1502922217026	170524.90172885463
554	324.9307653469997	170488.09813121258
555	-155.86019508782715	170498.27251298763
556	-41.53498119225453	170342.7040042464
557	29.75391925469303	170428.3119602938
558	291.3065491129388	170679.153162686
559	542.0980499633292	170579.95708162253
560	-45.72267333927384	170381.5653699692
561	53.22305741820583	170451.77039598653
562	141.7686753976025	170500.42053717686
563	193.41510618555293	170647.48872222772
564	259.5129303001877	170780.7066105717
565	356.14576434745385	171331.04293718585
566	333.07889565749724	172580.55376655882
567	120.4643733816608	185862.01687491618
568	222.96103121642443	257662.8065286247
569	-99.15828393791534	447052.0117137177
570	-135.8398342755333	438867.1167737726
571	649.9325343717851	281767.3799864461
572	194.17781600703898	227421.41515561956
573	-33.540989326113866	200577.66441060576
574	444.8216640711382	190095.62205023936
575	126.65482035850175	180580.69955908516
576	423.41469553653275	175544.4646956099
577	297.0765359922156	173518.5773731419
578	148.0707729707294	172435.81605880428
579	282.3596599551007	171796.5760207897
580	-45.12084836200174	170864.8477575773
581	29.548163743004633	170603.55576788742
582	567.9029321225505	170840.03686315592
583	672.5007904584689	170786.77431371954
584	173.91672939297086	170618.2046915691
585	343.41889478400367	171823.2255803138
586	435.99283983855867	178162.19373586608
587	94.81807181784498	189802.99540148384
588	333.04115561107994	184780.28200765772
589	579.5012699609093	176203.0355126384
590	102.99389492266334	173475.54854179826
591	-83.7240225262886	171775.90649201933
592	273.6180186240792	170940.91399045373
593	327.7155922761395	170751.92407552098
594	168.43561967145052	170607.88748848854
595	85.91847388067654	170285.0313088909
596	297.6748429703418	170227.17788308996
597	470.45736782523005	170469.60830291957
598	410.2814066967087	170569.69461250337
599	382.28822775047286	170462.96081384513
600	162.69788346098935	170421.6598291214
601	61.02006425069763	170080.19463827062
602	160.99011133171928	170374.44109954496
603	246.56739689260863	170369.69803862533
604	111.09545042753523	170885.8690211575
605	105.87973285699512	171069.72248126628
606	293.38101704910474	170504.66908113047
607	279.244602913101	170338.5428600459
608	271.1762722538425	170031.7756864585
609	553.6161667249821	169910.86643963345
610	211.47602913205287	170026.51508888998
611	228.37186829873414	169868.61900160875
612	518.3670134472289	169831.34720823338
613	416.9525798994006	170026.77951947
614	223.83241549826846	170005.50896762245
615	312.9885999507657	169917.86043679997
616	259.6026672833873	170121.83362718942
617	133.0069263678585	170154.01128747218
618	44.80612444298874	170193.41048291398
619	37.1852917044259	170034.02678172794
620	192.6261649961319	169791.0594547125
621	117.86566239415657	169915.41115404532
622	-71.7332961742743	170120.79310324852
623	118.35314295935953	170030.9949719294
624	57.65451473519131	169892.89652992366
625	297.1890315402324	169955.67093823745
626	323.8416886950584	169819.91032876188
627	35.626555427931876	169970.95620328392
628	142.96041028961386	170050.07731390803
629	309.15712690840803	170047.87903871757
630	49.761000974565455	170203.5942787912
631	419.09990772823625	169841.1559532117
632	569.9058482696163	169872.866309383
633	55.860474497910204	169695.33814387023
634	466.2447809618305	169734.555220815
635	337.3605695460964	170002.18587157025
636	171.8011739481033	169833.7570064678
637	88.75954540522268	169838.79742763037
638	373.6731534966902	169814.2478996976
639	191.48535397708167	169841.43146887532
640	383.65621808304326	169855.7928923991
641	275.0477583045314	170101.3502185174
642	388.89879004722656	170186.51488035006
643	160.60848023988285	169946.63563942155
644	51.98341171811864	169925.1235140619
645	390.88746052453155	169877.7092361746
646	249.6279690161356	169795.40380379613
647	294.4002144713625	169761.35282807914
648	238.2852807386135	169688.4225204472
649	209.76049531723777	169536.4947235222
650	-11.889287179148566	169571.1034450896
651	83.2473927077045	170275.75837548584
652	407.50022278688465	170161.11051029575
653	189.1131353448095	170482.63504003774
654	232.82735801235594	170831.36722799274
655	203.25257714557168	170517.64648492011
656	-120.10149013740846	170098.4565476613
657	397.7275643931688	169991.4964931906
658	104.6086892959711	169872.6619788755
659	-187.76483787589936	169935.43568481965
660	103.78442617732472	169537.13707279426
661	602.1162032521869	169791.82606487855
662	257.3241447971112	169712.5154846831
663	351.81211429498836	170065.72003165702
664	552.0267890174958	171040.2205167771
665	255.82212104624406	174052.36914113545
666	435.27764175541614	173533.83983274235
667	28.262179795815015	171098.12081362514
668	304.9958851922608	170561.6927640244
669	243.6391740933216	170057.25354813717
670	259.57268930219215	169866.97681167553
671	265.7659540037892	169664.5970770861
672	127.08266946992913	169943.8477617282
673	140.45284442825135	169787.47659643748
674	229.31306801473144	169968.0162114689
675	298.7993381674973	169633.95635852436
676	265.38450751816436	169769.04591269005
677	63.78977037033194	169884.36400114905
678	327.4786692516943	169742.27568903778
679	264.4244853712443	169887.1500066584
680	465.1763757457465	169767.439979324
681	284.5919934849235	169534.5794723018
682	327.9341084149821	169673.40831398853
683	167.5004167960451	169682.53291225154
684	54.47536341426753	169528.32156735487
685	59.12741153864508	169911.69917977828
686	380.51867866576276	169463.20082665686
687	94.28419591191157	169541.90398263835
688	259.9843821305029	169919.4577757384
689	183.43685922985574	170050.18417415925
690	432.3645159963686	169569.01081699043
691	236.61690569243086	169468.70304207757
692	85.03338083995745	169426.30106178144
693	303.65212947642965	169769.6061262834
694	240.0641608365908	169527.20705097477
695	109.73935193043489	169743.25207097438
696	437.99883522855566	170528.5459283835
697	176.7303217469579	171536.9481259795
698	103.62312633148471	170954.6651964456
699	80.0127959398659	170095.12838308536
700	375.0445405870917	170146.10283213112
701	479.44351205270806	169831.99236810484
702	410.89798701539905	169770.96496313592
703	136.24996785380648	170004.54021102356
704	207.96812217520045	169909.77519820092
705	232.16751581730176	169617.3918460509
706	-151.29302124153588	169828.1162416489
707	243.48349619696944	170031.46950995934
708	442.74413171381434	171103.66894896966
709	540.5131658230907	171859.37293745403
710	341.53781668338024	171245.55576102005
711	350.52419705761315	170787.2147825496
712	401.71730816113137	170793.886857402
713	90.76184231230648	170165.93706867442
714	158.58103425723442	170198.20894304977
715	533.1111256197582	170197.9457392708
716	378.591978014645	170245.8039573852
717	423.9513810382642	170079.94051566444
718	185.53641805993374	170460.52387682948
719	-79.4537168299877	173963.1929152251
720	5.944500668647743	197270.67962558218
721	113.85263392725099	301786.8263744568
722	460.76737688422384	410627.05245406757
723	541.1608698499892	299629.7465722905
724	292.18336291980717	215213.34333783694
725	351.2329516707557	201697.54161834388
726	528.6831606398827	187211.1716006359
727	531.4018951035634	178783.91552430007
728	492.23660271467213	174931.89350869256
729	207.4820698844299	173187.96468177126
730	262.68805351272283	172048.75773760138
731	284.3695069459696	173292.7907251321
732	441.47720217151357	178486.18475178114
733	389.880077505344	180023.91417847428
734	343.00549193714824	174251.84398315614
735	350.5287013243006	172042.93633663878
736	294.5863333642122	170901.3782742593
737	252.76691681008253	170269.25816563045
738	396.6357510866379	169841.21161201125
739	227.7380662821313	169650.17027904867
740	-102.58141523249107	169960.48084474742
741	147.0659593478105	173144.9648109308
742	141.00385708895084	181323.75655299818
743	205.6243649824563	189167.81292212557
744	273.9170602114274	189182.572291234
745	336.9549628159228	177924.9490674815
746	7.369537890801663	173027.57453802775
747	322.0258659215329	171567.8242475444
748	206.29949669743348	170347.36234430032
749	323.57023101175946	169940.7110000555
750	215.9549316070336	169781.62555790052
751	266.8844542699115	169408.19641441648
752	262.31258876521645	169251.78577234515
753	-22.280812982975462	169255.84284538368
754	256.9623088524054	169253.07499756722
755	485.4086967389225	168966.8846935686
756	3.972905273752076	169045.2869479089
757	187.0780753251906	168812.2144417173
758	492.6014256884894	169092.88599529158
759	412.425412479725	168996.84132689622
760	224.10458675648536	168923.40402288106
761	291.6566808551883	168836.4155748795
762	223.1896337281776	143604.91660124852
763	24.05787908998017	94054.14578726368
764	157.7489867365976	44298.12582639382
