0	888.3068313626729	141348.1885172373
1	818.8429748772971	178132.89866316493
2	1098.6526030196856	178096.19647938915
3	813.5694428482801	177604.61473492053
4	710.12079556212	177821.9177284864
5	815.9066812332505	177351.39076420318
6	896.2723221050079	177174.1077284945
7	559.4703524185503	178175.26012999914
8	759.0028803939397	177267.49102302533
9	565.5841957623484	177093.82500071113
10	447.2456907948306	177504.72403559627
11	581.6764394594912	177406.23027626117
12	682.1350409426376	177315.91385703365
13	1023.1798531064663	177813.4227058563
14	757.8615519939203	177191.76935546382
15	321.0604841138198	177240.02328045567
16	546.7382313211549	177069.2661247814
17	700.7417820899942	177340.46418252905
18	422.2425861794331	177412.44062131544
19	648.361790932607	178619.64545913204
20	1156.5634954361417	178335.05968347608
21	925.3736753256609	177539.46766116205
22	894.2321291673626	177777.37681445637
23	584.6913780404769	177926.71934661877
24	813.0071820484739	177799.610183174
25	724.1211660670544	178600.8394429574
26	785.0107956065112	188799.51570996759
27	762.2844337757117	214046.232345721
28	1067.4477677764992	213799.99042487924
29	583.2063411924787	194913.67379973468
30	650.1033481540076	181059.79982651692
31	659.2921770438173	177229.17237677355
32	584.9520120812056	176139.7717748939
33	1135.5746762924123	177327.12030194953
34	852.0841986021092	176168.24101295596
35	1017.5032933600281	176408.36617195097
36	541.3610182625591	176374.69037048024
37	494.89751130947616	176417.4434246984
38	833.0086168065159	176100.42463281707
39	549.4116981221496	176882.7317022675
40	779.6065079177507	176505.77494430615
41	887.1792025174047	175765.1270675429
42	549.3295683736071	175926.61340380477
43	498.0833306003403	176026.06101979586
44	971.8110056914896	176056.3537811156
45	722.6715781850088	176118.33135646093
46	1195.448088792558	176082.04120200817
47	570.5175083656794	175918.20804275534
48	989.5261385971688	176485.63506845833
49	694.9521170603083	176026.9907189899
50	363.51883887502606	175604.92860541627
51	819.1084713102651	175944.62595164246
52	647.6850422552927	175815.89264198087
53	670.7683143747423	175450.09006510457
54	418.5865866150379	175368.80976589688
55	609.5860619365279	175329.98028948865
56	950.1027843429126	175543.197148471
57	697.2595481751143	175370.47971030834
58	949.9563098135616	175779.9597701913
59	721.7471290618859	175870.65950577072
60	863.5303565301526	175275.6971744818
61	766.2189543488118	175441.81494624534
62	1051.2220567983027	175163.40378547914
63	912.6718936929718	175204.44242087632
64	293.9595886162511	175560.04657235692
65	439.30597383893513	175528.0222299535
66	935.1593275595676	175988.75133105405
67	844.5487160288842	177460.75299639086
68	709.0247943449745	176918.29678685838
69	726.2024459123215	175639.59663231118
70	529.2185986333408	175442.11701458757
71	561.750644678253	175367.14003943405
72	508.31068799099404	177864.62112413088
73	779.0242508732846	181152.2147425607
74	989.8996570243467	180303.53745924975
75	1067.822696877294	177254.83205980534
76	727.3167147886095	175250.92777772795
77	527.1633008064663	175015.21026799444
78	574.9610954141979	174814.72469466148
79	927.4209994140865	174555.80673803325
80	699.4773767913675	174588.4508146373
81	658.1810409616826	174689.16973110024
82	707.0334268181007	174646.3862815099
83	713.0936949228836	174800.78029603837
84	606.1528586788811	175136.86355155235
85	862.0525144869753	175231.46859263146
86	927.5232054690446	175404.8106257272
87	1124.5427315666113	175962.26960367104
88	1001.112188274019	176709.79559600004
89	982.0626426347246	192972.93993133007
90	663.3449671081493	244333.72428011397
91	856.6611547775674	256043.70233281012
92	544.8115225715313	234486.7933918309
93	781.1967247923809	207500.64442301245
94	803.9391850909459	191174.46367359537
95	549.0109178510078	180652.02398768952
96	512.6203219881085	175710.97606998193
97	575.4945818062296	174849.58857660712
98	591.101932764309	174573.17821122397
99	562.1069995336461	174412.13599617727
100	614.6469051874082	174117.03897389318
101	738.7536828916498	174373.20847586327
102	842.6334822753745	174223.02576077808
103	634.0389431762394	173832.38649337998
104	671.8358568715346	174103.65759115806
105	576.5019074124169	174155.67143929057
106	906.0654805826834	174123.7204174103
107	804.8112196742237	174560.7949129211
108	950.6975055036893	174473.51571117292
109	718.4800819410382	174811.27755844593
110	750.5606076978981	174999.1424630175
111	929.8584634718062	175411.22455495223
112	603.4579996393827	176689.38264773766
113	569.6908011610726	178374.24446127977
114	457.8115242094975	210349.41501418102
115	767.313386860204	301436.83879833115
116	760.8522610664457	315721.27533534425
117	897.9183187054169	257632.1851050348
118	583.6403979369569	196646.57123537094
119	1531.9554927421268	178147.98718307333
120	1086.7912415928224	175396.1242641017
121	542.2979811235724	174492.8270891386
122	548.2283448614917	174117.90996752944
123	546.8153723650686	173766.9549142528
124	677.2027018260962	174180.76842622834
125	1038.1452499970048	174577.50861994154
126	768.9397796106537	174452.8044711545
127	1197.9738890681215	174352.6442330118
128	1083.5023191813796	174104.4054838366
129	624.2915710076461	174317.521191754
130	981.7274448567648	174767.11941764626
131	1228.8141490252142	175322.27504784524
132	835.4634632411367	186436.10679009222
133	565.4605758456235	236344.0254440903
134	834.6470578867954	258627.73953199343
135	782.0798219576499	232148.90755846867
136	1081.248178540606	194273.237951731
137	747.0192307425041	177975.12009954895
138	866.0109797406119	174862.5630281119
139	959.504918200042	173534.7852451969
140	901.9506174299064	173443.182834556
141	922.6367677675039	173423.14534886854
142	859.7686198271764	173664.5518173278
143	797.6735350737227	173323.5216818828
144	631.6849523214208	173327.8409718519
145	1016.3526384982114	172936.95113133878
146	638.6819210921544	172788.56221156102
147	788.2775715328461	173016.5606247531
148	505.8701829563642	172395.15994385286
149	604.6860735194199	172715.19847104553
150	982.990143757881	172709.0134402352
151	1037.8842716574934	172785.8702808152
152	944.2283594611595	173340.158941113
153	1123.1437763845797	174456.57261806555
154	750.0293139306403	174423.8245495428
155	756.7030271210831	174069.3955222073
156	552.0732888240758	173270.27283521782
157	388.5262957273294	172632.1015688852
158	1040.384481821207	172873.35291626185
159	926.3035527835442	172640.74257772212
160	576.484372389309	173025.42876467618
161	575.5798406129296	172937.39828545265
162	792.8770148602454	172518.67753052115
163	553.3757831113678	173020.57723942742
164	835.4808568604033	172229.7045226044
165	1221.5375355399228	175790.7893142932
166	1003.0019554043324	172930.77724000838
167	1177.9484569376266	172282.2174995231
168	708.1691254918702	172824.4956659108
169	532.7610867691861	173029.82571464652
170	828.1104867734703	173015.76645676623
171	1026.9949513092038	173002.40116920765
172	657.8816808299805	172490.9239333513
173	940.8624677301964	172411.73204944178
174	979.737226192936	172277.01057746971
175	975.5840315798362	172300.5232613386
176	842.6142241341754	172369.52452364145
177	922.8211674257257	172107.68441915323
178	686.9651690012	172273.72724170674
179	930.843747214984	172321.80719200624
180	582.3741936852333	172137.44883256775
181	931.3019901111236	172093.45369528723
182	1045.6720695979545	171987.68753187128
183	893.0780043453314	171987.8575470647
184	672.3476888486849	171973.39443456888
185	579.9704987104079	171603.84731952244
186	734.3083901164265	172052.53179465717
187	672.094518286292	171836.50642163173
188	1070.1248077779476	171825.12861369384
189	761.6669260134482	171690.53895118303
190	398.2265985739385	171717.7921790394
191	928.9219200848979	171890.31544273527
192	751.8998532240471	171774.02043597077
193	791.2596284301189	171666.37472025337
194	967.5258142623867	171953.32970593797
195	524.0409076634938	172107.15419086564
196	939.6933666856136	171783.74742905554
197	980.7460262949198	172381.246275322
198	1195.579085433629	174422.82216433474
199	762.5077739317676	175316.88102445105
200	584.3068617320265	175892.10971166243
201	406.2127168115093	170979.41115061173
202	1984.6898317490984	183704.1639908275
203	2009.7545033554488	182490.0225263976
204	683.5225129157468	169541.71453838304
205	1098.1640963556988	172434.42087055673
206	683.9000985761985	171669.72681242513
207	1137.589196007556	172033.11909905105
208	1237.5504652055456	171688.70829002612
209	769.3921582218569	171560.33255210894
210	1189.230844494618	172264.89619832396
211	1238.5331225887585	172215.0205113931
212	343.9530402704633	171670.147816664
213	594.5715310915687	171493.33746141216
214	928.9805468679505	171810.0214127954
215	564.0613239855062	171755.57498359386
216	440.25235399538246	171927.09420907975
217	940.8920350169118	172245.21608534202
218	678.7380445324114	172409.6320204727
219	756.6192333624156	173680.27307653739
220	523.3236225861777	174420.2803011997
221	743.5649949200641	174078.38088944726
222	1142.1874871970401	172740.14969485637
223	961.5604290060119	171663.5423459416
224	757.5565723285512	171531.15040940087
225	430.75552307821454	171775.6610700417
226	807.7816103771327	171620.71627476945
227	647.7929617618915	171395.56590200344
228	722.3950662990504	171636.36219580084
229	514.0882815634479	171060.357327304
230	861.5004759887031	171356.26046429845
231	870.425193871694	171476.7623650182
232	807.3698799227275	171318.05998057174
233	1247.2152784815107	171617.86872806714
234	719.7690324566015	172213.0849422335
235	803.6986499669277	172232.90470065217
236	1232.0001795351743	171936.73444474084
237	978.4701126334351	171611.75995575835
238	751.1360667366348	171552.42770601792
239	400.03838895403663	171859.838899108
240	682.2383648580245	173334.87802266242
241	905.5125801704223	173437.97106166297
242	654.0728250044267	172795.6297707821
243	804.7744779651024	172007.87956147335
244	591.0248943009333	171621.10731857133
245	871.1358731268673	171636.07687665313
246	943.5295431972331	171578.11836161886
247	940.9371677486818	172247.25395872674
248	885.9552335576715	173091.89517072507
249	495.6360006921833	186838.85288725654
250	944.6298974949614	224107.79156361058
251	939.8444116607525	234586.3776644559
252	839.6752587854003	216734.75683652647
253	825.4753145388937	186679.60274631597
254	1071.7269766845743	175635.96959653593
255	776.5882254689207	173123.72571264976
256	774.6795367586261	172358.6795932963
257	902.7483991103918	171692.6584499701
258	867.4153572578696	171351.1542492252
259	530.2371589739612	171690.82751816153
260	644.9414524668731	171929.61163855193
261	649.7309560867957	171595.1254985291
262	512.5746485596543	171306.44458902915
263	1318.6910253409296	171211.59714569032
264	974.7020271263117	171093.4904686778
265	677.0392616382899	170954.66750782172
266	1022.2924243626622	170882.61953106002
267	817.7038088970313	170911.9454395237
268	707.3521313115551	170879.20922705604
269	870.0772329591102	170826.7965173415
270	761.5916767225202	170992.93588291353
271	597.1966395817537	170875.9250065068
272	1087.0008326917898	170562.4935710299
273	1203.595203675541	170488.86516138245
274	1463.3508915859027	172180.89168699202
275	1064.7890492757488	171193.61459391957
276	854.892624644109	170732.23813090747
277	633.4910678624356	171647.27623753317
278	965.5885689100611	171275.51634258465
279	1162.8179833671556	171218.40734871686
280	1163.2355963938046	170916.62955733415
281	581.0555383104671	171087.4900186362
282	784.4678622839887	171458.5783361898
283	1099.0186775429477	175379.19893751715
284	686.1118107623194	188337.67297641523
285	776.8345759600753	192152.0107100101
286	892.9033419123667	186988.54609025133
287	637.3669907905183	176838.99864133366
288	1217.7880384084294	172503.95868068663
289	765.6496631363528	171756.6445221117
290	982.6266393151635	173730.15197014803
291	1108.8590453456393	177474.34637369923
292	901.1809520865753	178958.16040157093
293	451.58645644489377	175477.8846301053
294	417.97938487047077	171927.480105711
295	1011.4679860748836	171091.35692269335
296	1025.9454525010403	170607.48736418036
297	941.8777174978823	170979.07340395037
298	758.3423899991701	170582.32881723554
299	1125.102616634473	170704.67310387501
300	923.556420680608	171200.52976513625
301	330.14719221409865	171472.26388913978
302	756.8768004745177	170806.7189039363
303	854.3677724524604	170639.0126836519
304	595.3575503565123	170575.69147421315
305	610.5921317676693	170664.27539626817
306	844.0461482476378	170447.8931837667
307	905.9344815885693	170410.16213357422
308	544.2624539186485	170234.14881789882
309	564.7708988935102	170398.2247702942
310	996.6607201461611	170361.46508707447
311	721.269478979947	170418.52672650886
312	752.4364984757069	170368.13947576052
313	1001.9906562172381	170146.0779343672
314	879.3284677397004	170965.61271908708
315	1053.9023518188	170611.8885380541
316	683.1855305849532	170158.46488470357
317	388.3544788586718	170169.64894777886
318	1191.8136231281183	170087.67606539407
319	1036.3883781468119	170618.92019670192
320	901.2090072228106	170315.87045900023
321	941.0563396010734	170324.6583409268
322	881.7596376157883	170510.22244537293
323	312.44768015686765	170105.8261606618
324	893.1225913441098	170156.71647156175
325	941.7524303143015	170440.9406656696
326	667.1686347313025	170239.00591582188
327	784.418149168929	170356.56667402558
328	829.6959089844835	170180.93930435932
329	748.2780907448144	170262.56433471854
330	1094.7086587543497	170095.4600613947
331	1226.6459375548386	170293.59335154798
332	1335.7984179627033	170228.97307013653
333	833.0040724777988	170270.85251998526
334	876.7498812226555	170622.45151244683
335	1053.017481387062	170927.71972117922
336	992.51099317321	170408.05504004148
337	688.5156098422691	170077.0369584246
338	860.6130265376918	170142.8467399071
339	728.8532197295422	170082.33178901905
340	620.1834716414313	170186.4310917967
341	764.3498957567501	170039.56638638815
342	973.2020762233828	170224.16728386382
343	1195.014830587187	170068.44010834125
344	811.3210477053581	170000.07448825217
345	818.353730369529	170178.1519195585
346	705.3276497970014	170188.80504048508
347	808.3336319943013	170589.95866145872
348	729.2610421034229	170011.50532686643
349	1169.8033310151427	170595.99492623424
350	1059.8795530545808	170384.47501103714
351	1376.6153995215502	169653.88202687714
352	912.9412897462321	169839.06871159366
353	463.01934383437333	170137.34052244716
354	851.1701101511538	170279.28294572467
355	915.725147698066	170086.61139417838
356	815.8835444612117	170248.70715185732
357	1183.5746234035792	170070.41885951185
358	704.1182544951133	169977.45300129417
359	830.6113221356745	169687.38008286085
360	332.0074778492105	170168.06547874867
361	877.7191838088416	169718.25597614178
362	1015.3631260561626	169758.39895402803
363	776.43733282489	169987.6464978141
364	861.6472669125584	170523.17739747022
365	870.2391893059246	171281.41734138835
366	1062.985071739917	172102.60793126439
367	654.5439229971914	172278.25808435743
368	879.8884280181051	178565.1070894327
369	861.2005912479638	212094.6369592601
370	803.9791343037227	231508.27546131532
371	1165.300970694251	222346.0908096281
372	829.0376854963671	195340.98866618722
373	747.7688851759389	178030.380974753
374	1007.5857713603216	174033.1975012953
375	905.2230302871019	172442.7367908837
376	797.4940511636308	175530.7102604191
377	757.3167931654037	181367.82149144536
378	1029.3453895116943	181935.61211651936
379	924.2971539467417	178769.5497152398
380	722.2559581977586	173583.37338212988
381	969.9645359588455	171175.90891669795
382	848.0213214772922	170299.01200922692
383	854.545891679081	170305.54803073226
384	641.7306628305035	169778.12195558628
385	1056.8061577625651	169514.41259010893
386	543.4620158955361	169670.14007582387
387	880.2649908564088	169548.0143985215
388	830.4942682969959	169909.1812567952
389	1308.6742534014843	170117.80794633165
390	765.0646042233657	169851.52423517554
391	845.8867138777961	169924.07053490213
392	813.0020218126908	169770.32988370614
393	814.6379218868227	169942.4763124472
394	857.8526845326212	169606.4050840074
395	738.8416483776315	170134.9032549336
396	778.6946090948868	169815.70117935966
397	1075.9207924169768	169907.7056620608
398	827.5947665742607	169564.66218074897
399	855.1246312651283	169441.66913544838
400	1065.2629618485107	169668.86745633403
401	810.3928900701025	169626.01455735735
402	738.8240155616272	169840.60151089667
403	779.3711412462725	169528.84232099756
404	879.235169340977	169350.92010427962
405	495.80751485150006	169714.8556941307
406	445.58119584084085	169381.0620315403
407	461.47749739530224	169714.9867405493
408	939.4945441224684	169461.96868185725
409	877.2840098457741	169437.0289702604
410	473.1953588314063	169696.58713115763
411	822.6521537046937	169810.67048954248
412	1045.5687415720847	170342.94848926688
413	837.7576464068138	170510.07937907608
414	801.3514390105789	170306.1073859966
415	772.4136945548146	169659.65108683667
416	802.5116926146283	170026.8747357224
417	1023.6244494236922	169564.89289790503
418	907.5055240867109	170016.74836537606
419	929.2668823369709	169719.71116162915
420	937.8691842794469	170479.8720922142
421	680.7292979138758	171530.27697416503
422	1524.5526775376159	171836.3163251551
423	965.5443523225366	171242.18793888914
424	556.2093801768895	170601.73513139258
425	778.1321329793552	170845.42891011896
426	988.6712528689543	170188.72769296967
427	1046.3272900092054	171547.64071659517
428	583.7251914847338	172000.93806777272
429	810.318228059469	171500.90748109977
430	926.7651372251896	172512.50366464202
431	1191.2973781348237	170095.4851895844
432	1119.0985347041735	169933.2655614818
433	731.5559729530173	169639.70554720072
434	805.9350151339243	169698.19769452608
435	1231.6169355995205	169521.21917607266
436	917.9324761685341	169544.91111991866
437	887.9538622126794	169390.3385441234
438	699.5553461505076	169595.84888594926
439	738.8213526620364	169925.64761034786
440	784.1658060405366	169448.83846618442
441	1105.7967402451088	169423.88089055108
442	1098.8620726798704	169419.48771971994
443	1076.9638201814967	169537.84592062572
444	587.2922991990721	170140.53478038372
445	863.0442349649409	170300.1686625043
446	683.7339439731458	170330.99122543616
447	888.2009621247888	170184.45665807792
448	749.9973679576631	171426.99161190935
449	433.5579712972109	173584.94491543656
450	924.5774350134647	174168.62152298138
451	590.3405484759633	173115.7085468368
452	828.51310304287	171796.03048994622
453	1339.0517933706174	173868.5945163912
454	747.2521198408181	175248.7634220862
455	575.3424774546456	174827.03633627662
456	824.0821487829403	172730.28204994096
457	180.16701193829738	171370.14319249082
458	764.306281989162	171399.8473515429
459	862.8369315830731	170380.3814963809
460	687.8604809341989	169940.43233946458
461	706.909241224557	169434.91914981976
462	1065.5509361425998	169580.82379660333
463	1049.58530508097	169683.47214131814
464	946.158703125396	170210.02860261322
465	788.5812624296507	170698.17391111518
466	1017.5796736193431	170253.7036368639
467	523.6836003798312	171466.4623721816
468	800.6698340017606	174340.89547301817
469	909.5618663107555	211812.00753773426
470	812.500576127576	362501.33349651226
471	857.7399879203152	476216.92465132277
472	758.1209335328705	472531.66261797276
473	826.890198579971	348768.5415005143
474	855.9440628823776	246572.66581893477
475	766.5245172644786	202890.4703448054
476	1009.5785542312284	188750.9621364571
477	729.555327780127	182565.12365636183
478	569.5276846265588	178312.2562342289
479	850.3357437679467	176047.30533658605
480	719.8364919968676	175220.7675611702
481	472.53772514241143	173869.66124645658
482	644.8097328059317	171830.72169182834
483	970.1218850659241	170854.53046338752
484	854.4046363043957	170131.3200666447
485	912.6252576631359	170190.5480146932
486	656.4061668849537	169819.03984475584
487	1057.0730786893148	169906.77582466594
488	886.4129012471693	169521.58673494475
489	947.8027905315813	169683.60111693715
490	780.4187377740174	169603.52777964066
491	634.1074920508688	169655.5351179926
492	782.5372996511599	169497.9986057619
493	792.8875112626425	169701.5690129488
494	743.61973419623	169391.4745265007
495	864.3035018576917	169303.8045374275
496	648.7079373347399	169681.1138825785
497	1323.10470738425	170679.75626723602
498	856.8119938688385	173245.16646546934
499	536.6756604738835	174272.2900740138
500	879.4801481889795	173102.82343865014
501	466.9841016636939	170560.83170264223
502	210.81046748300477	169410.81729973762
503	945.7523528998175	169482.78160667728
504	898.6045964181093	169348.14040739328
505	914.4978394407814	169173.24161028457
506	700.106536975739	169280.9490346457
507	739.8454992599991	169142.05423344165
508	730.2973034419393	169115.0372868296
509	882.8292301397312	169361.8331937028
510	854.4120229242968	169465.95366671248
511	1050.2306951412174	169126.77870463757
512	1056.9472804389413	169212.57291838495
513	897.3432215448654	169566.82423272263
514	1154.178697033254	169503.3889012412
515	631.1585522170751	169171.3438623696
516	712.5119501088928	169381.95941778368
517	1002.0192690116438	169544.22301987832
518	1014.7092705255357	169739.59143977077
519	1110.314590888201	171959.98319519084
520	922.7382126493561	186856.13071226247
521	1024.486679142905	225001.45942002872
522	583.6823584961988	247992.66859885174
523	829.7011936634342	234554.11673381648
524	1070.3748844763795	202238.466325185
525	1425.2429281505906	183388.70000157502
526	1048.965096910956	178851.36548536626
527	1292.9356135173857	175103.74457645175
528	1056.9144174039245	173250.8198370357
529	1011.957347464442	172156.70988073683
530	1044.6420082644897	171065.73536466341
531	988.0744217252608	170537.40526088423
532	710.7277180223351	169921.2175934679
533	641.5928160313066	169707.93045276
534	640.2647411793307	169490.45781216808
535	934.70584674093	169205.0578750814
536	1257.0644719901475	169361.089434705
537	572.6950245999657	169470.27708117667
538	604.1354306751019	168997.99222747138
539	497.57840914678013	169490.8075844666
540	923.3945608257895	169131.97947473268
541	929.0471341942631	169225.90532550443
542	838.3836308610953	169007.39727813992
543	970.5802481924728	169064.9751087897
544	1027.334090087165	168823.2107683826
545	784.3133303572671	169321.22803427445
546	1093.788197840833	169362.7957740904
547	1335.322739452884	169522.72552105525
548	1076.094766275587	169450.73282490924
549	755.2949075356617	169390.60653508408
550	927.0710432852098	169689.42234963388
551	1052.989923703806	169496.68870978436
552	1145.579022691972	169143.1385484578
553	823.1265016081114	169382.25479993402
554	902.3373237433786	169522.54832106832
555	814.3702721713834	168954.13157494555
556	924.2707335619741	169060.03446184055
557	1011.0080907287112	169098.98116342063
558	1096.2912325550842	168861.42936885465
559	1048.2046725201808	169078.50660939526
560	813.2355119160915	169064.33093564282
561	1441.2139563265825	169272.44505156385
562	1308.163187614158	169617.59839613625
563	689.2360087871101	169673.40276410212
564	762.7564337110557	169385.12112582134
565	1226.3182768613294	172023.66539413476
566	1728.6242678251715	186888.866582965
567	954.1611849929847	265592.77595121786
568	723.308128562697	336058.89898505213
569	780.0903351165015	331709.46255824785
570	730.3354607544566	256434.92531869307
571	860.8515227741001	198731.7374499022
572	898.6726776076126	187993.31706529437
573	807.3122136536305	184850.19236270068
574	870.2531554685149	180850.83401591875
575	862.2627272947549	175874.44461238588
576	855.1133093711201	172958.94803838254
577	940.9434345166017	171380.90661889454
578	974.5011093504171	170776.5150651171
579	496.6341237867878	170636.66876438394
580	1076.728669139801	169661.20926887883
581	1120.9417041012705	169535.73197960286
582	1092.2972429729198	169098.02304822564
583	1141.6695102377512	169358.23983394867
584	914.3790044255376	171351.50411684354
585	1051.5366155313968	177443.81924028238
586	894.2473904943133	180961.95188325061
587	1220.2833090892907	179417.962455401
588	1026.230315781776	173436.78292288305
589	868.3290105258317	170800.19959036497
590	813.1601454401707	170324.85514143133
591	972.4304245978241	169574.8330243272
592	728.2013551534518	169349.1633633756
593	1113.4719554814262	169537.31561541717
594	1073.1612623241854	169337.37986147098
595	708.4791555645435	169042.62935377494
596	836.652089012608	169022.43317681295
597	532.8977453405349	168790.06160758794
598	839.1678595726826	168860.0907285639
599	1024.097661125982	168936.57068010196
600	693.9399384122892	168764.77617881625
601	677.6918748637576	169190.6693677022
602	759.5068122317009	169589.77440420236
603	907.3367018842828	169486.89572043277
604	950.4137389981624	169407.00729667608
605	884.6225723925024	169218.12506087235
606	1074.1506379322764	168852.67690712918
607	1074.0930461510027	169013.88985124507
608	902.7451390371579	168725.5765549071
609	1359.1149116117635	169016.08652122875
610	664.3738693483672	168846.5600738108
611	634.8448531004857	168646.08813488123
612	931.9924541729788	168402.58658398376
613	934.1776833009214	168741.3933277158
614	1121.7704499600898	168652.69734393834
615	830.5423103774917	168436.4787910125
616	887.7839815504976	168548.0590558001
617	827.7462329941864	168529.49158585523
618	1274.6415069032205	168771.99591145612
619	1016.7842993987081	168658.0740970641
620	855.7178165268872	168688.8152089862
621	1162.107447875791	168831.26752612818
622	1466.5313237449368	168652.89224983944
623	1110.1485778922843	168379.58876482112
624	818.5586111243459	168365.81917371607
625	754.3298408707441	168503.90271498106
626	1173.7797147130652	168593.33858284762
627	960.4603513899447	168537.98046931202
628	1330.2579787952777	168845.05076218088
629	1332.7509789280982	168902.02037870346
630	672.7837926525564	168657.12801270478
631	652.3642861303489	168833.19070702736
632	1014.9342253605436	168741.28148129082
633	978.5310234550028	168668.258113789
634	1011.14730543325	168743.25589706804
635	1143.273050573992	168481.90467335275
636	1127.7654151923575	168687.7524727762
637	965.9357137432719	168567.97919833363
638	885.3672863148778	168485.11847323575
639	977.138921436513	168501.83320313558
640	787.3144215018398	168366.92758760732
641	1061.7089525119156	168693.4077625587
642	681.575887555911	168739.77283768874
643	1159.2404285638213	169102.2496890425
644	1165.4516812416969	168998.6609165134
645	796.1042317250112	168386.88896764442
646	1367.6089889902491	168732.3315591114
647	671.1658409464707	169710.3829869067
648	792.9058840897228	168392.60706095432
649	928.2635103822263	168149.5455793527
650	861.3202256739343	168603.1263177356
651	1311.0600654780394	169434.66148510965
652	1154.379282273052	169136.97127433203
653	871.3339796864934	169025.79884481512
654	725.2125094990921	168995.2729073471
655	1029.0031658147923	168368.37179567214
656	1287.909410542675	168277.97617632255
657	1259.2786285790864	168393.63455993513
658	684.2306008684096	168403.68792098924
659	695.4194636863776	168339.1887321833
660	1110.7668797068698	168622.79991935813
661	872.3158522260023	168822.2278268872
662	819.0050286525302	169179.10079078018
663	1313.3771986907466	170219.29831090418
664	963.7320871432948	170940.74648010757
665	1318.9371042959533	171194.4053107015
666	1110.3015694961066	170099.13928746965
667	949.6743406278056	168604.95389942502
668	1037.8218252941078	168679.91876762058
669	879.5891687223319	168668.60875972355
670	1072.6734221609759	168260.3030121957
671	908.6942785098643	168296.27132149265
672	839.6939558099291	168875.24019560643
673	862.1771503261541	168643.76271190908
674	977.0531894139906	168582.12509992017
675	858.507217536211	168314.54367041384
676	1380.0139560942785	170237.43075962775
677	1444.1986445730856	168508.80994981035
678	589.4943862004649	168038.60484625082
679	736.1368212467572	168219.6077229768
680	894.5019648087842	168190.70639246915
681	789.8177496006143	168280.56926150763
682	927.8143432316668	168448.39159325353
683	1239.8251045673555	168291.42542277163
684	1144.772309202989	168190.0160527432
685	899.5554404058589	168213.66204972772
686	764.1419395414158	168341.25389723963
687	771.0046285799982	168687.3080286781
688	977.0713165647377	168124.03651281222
689	1101.8580895163227	167965.89334089606
690	797.5733098332342	168349.41833055616
691	711.523323632614	168284.64237988932
692	712.6926975472356	168449.59355768308
693	1155.350226496942	168135.71866441102
694	1038.5324716603131	168522.47397734845
695	633.3515212148673	168974.16788353087
696	678.2463235146911	169204.49329146536
697	1089.9254308559846	168849.5438292797
698	989.5821736349316	168634.88946154743
699	1041.3046108275921	168660.1195612922
700	1299.9771988668415	168545.36696721395
701	1256.4650200325925	170294.8152656163
702	1088.9163034879705	168621.4407584466
703	1210.180376946361	168242.9293695932
704	692.8627031248444	168382.07869041426
705	1189.851005113443	168217.1368232387
706	1224.6968836863532	168650.1021960335
707	1287.3581180490196	169749.69359605745
708	1324.1268937364189	170026.75607218096
709	1326.1497435204096	169509.54116441336
710	928.94965599688	169278.90665033206
711	1215.6683265009217	169607.47430898718
712	1225.888405322035	168847.77662016999
713	957.053629085685	168455.95686494507
714	825.0206636184635	168544.08369566654
715	877.6068759429737	168593.72318558767
716	824.8057583749063	168801.61552068754
717	777.1541797968968	169646.75386275956
718	742.1591720532011	176160.69877221453
719	1210.7940904148795	228163.08294271748
720	1116.8824238201823	288951.9037738091
721	914.3519793745952	299493.67631600314
722	1257.8949324200776	247991.18378257763
723	1355.1204895589733	191742.6887048084
724	812.0727824911526	178872.68702736314
725	671.1648995426358	177044.7148726259
726	1181.097572365989	175525.04362241898
727	771.5801368871847	174486.92783742293
728	1338.863640645721	172747.99196392836
729	1099.8298820980535	172302.44357615986
730	1224.999617085148	174749.03061922852
731	939.120744878322	175750.364246829
732	699.6102453884897	174795.0440286404
733	1492.2327012864148	171590.5870983042
734	954.6909297679965	169122.9629651757
735	1123.8974390996214	168908.30145149643
736	1052.306150537806	168799.84814802668
737	513.0673306594593	168678.5741889699
738	1263.3205111098434	169007.55932216608
739	1109.9151070145629	170284.9158355473
740	897.9667998250587	173687.27231786912
741	1022.6425209316426	180346.57361767962
742	871.4601409716876	183259.51916249626
743	767.5643409294021	179690.88271324048
744	1014.1431843979668	173470.43557418816
745	1244.1451364267732	169904.53835864612
746	691.5425107038494	169205.35147867684
747	772.2193552096668	168790.41894525563
748	1109.3729229834685	168464.941726675
749	1069.1702971952836	168572.37278931355
750	1093.9462631506597	168424.88756291274
751	1141.0285720726163	168484.80835267092
752	577.8155218941458	167942.4665959217
753	1251.3241321782962	168453.1922270416
754	1214.811221674799	168300.32393742044
755	885.7479720142204	168059.34980304816
756	884.3687182789673	168132.73231326792
757	1167.3468214714987	167960.0625567068
758	941.8767826458611	168155.23683027225
759	1214.8188090116103	168497.95456597797
760	881.8194110796254	168737.45957819652
761	1242.2941185356058	168654.4385052361
762	738.4554194874727	143528.3806558003
763	362.2831076534377	94458.8528792564
764	123.12409892524873	44698.119461027796
