0	234.82251685946366	141275.07221357734
1	133.30626901748727	178131.6005207281
2	192.07880907074662	178126.99369728047
3	290.4993621361239	177665.23216655038
4	206.22523985947478	177763.3588027425
5	362.8798363302853	177289.5427520616
6	15.985384328913854	177241.8491898821
7	253.21855887951318	177253.81463514993
8	312.6944437009084	177332.52478112516
9	210.4245938169696	177244.69548137725
10	389.1610675678761	176974.61862278907
11	152.61244500949599	176973.42764594243
12	-5.70192361677721	176962.8319088419
13	-20.758364337523386	177079.43428435488
14	-12.400529095887766	176873.79553778592
15	90.39734447736755	177074.6869548216
16	465.44342514933675	177022.01871421296
17	373.9291687653416	176989.33078756576
18	182.79584564329176	176853.02185258127
19	52.78251093637223	177585.08121330882
20	341.7299419284264	178195.35986385265
21	563.3455540276245	178037.7660439492
22	317.0984169003636	177233.53038881795
23	111.00963862455012	177530.3020166872
24	13.868473263886408	177729.15522057703
25	-79.24461391804162	177794.86352811896
26	815.5788410284222	180933.51873072557
27	280.99541107617847	194007.20797179118
28	154.2573913963042	214822.1300277861
29	120.68490099106445	215068.5367119332
30	108.96887719822756	189083.161792129
31	151.3521523661583	178359.4912703552
32	303.9136164501302	176574.08505709583
33	-0.4084112386653409	176064.76040079046
34	315.2444616048666	176125.73242999395
35	-12.945823078155662	175986.15922661428
36	49.2375588198467	175989.68373913725
37	151.61727783195596	175752.41312273275
38	-70.35987891294914	176123.9868552469
39	18.971560793553408	176180.05999084184
40	253.58254194724114	175635.2881982689
41	530.1620944397415	175781.83412917444
42	485.00789742856006	175827.09580592663
43	364.1116843751727	175758.3253043416
44	217.9518372757461	175738.56035615018
45	546.654584435351	175977.77919341042
46	408.14475073403605	175774.60271336974
47	226.5156912004753	175873.94460746762
48	423.65724348379956	175921.73506920438
49	200.34566380959825	176064.40173863163
50	-61.027539985279276	175593.64744748207
51	-239.31344340842193	175566.64061000303
52	156.12986910670006	175910.8981167415
53	248.11639086537116	175299.91993698527
54	285.2264718867965	175206.8301305895
55	32.49776140130854	175354.81640803273
56	411.1297780980445	175329.49720753887
57	154.51807627116227	174987.27796132222
58	216.0174436253958	175329.05638769615
59	153.71899785917063	175192.4325817479
60	223.30891906717468	175305.3012353349
61	83.75006962321604	175168.27863518617
62	490.4593799321184	174916.7391547239
63	321.02760883078764	175150.99026214867
64	62.19316612666265	175238.63042436546
65	226.80001348691158	175325.3606522569
66	145.86702765055043	175386.84281255392
67	142.9655180410102	176660.98268698138
68	199.06730732855345	177900.8869298203
69	402.9652185571017	177077.2010518914
70	233.46986844113746	175544.62312744188
71	33.087586679848684	174913.59920802573
72	276.5677182236405	175574.3456568261
73	179.6829020270328	178323.08667222603
74	-153.61052597394178	183035.2494818792
75	148.6386172912869	181323.94889162775
76	-361.33748838961577	176626.2112793564
77	443.7100611856253	174906.42438989977
78	383.8148937484926	174461.28305943368
79	-31.368368878097	174581.3027410649
80	87.69404281834613	174463.90505283492
81	415.8076961207205	174383.89610647818
82	130.6430444197672	174344.35951923902
83	-177.1207778307265	174613.44731432584
84	-242.5400586437285	174618.52597848835
85	187.03629909710628	174597.24353959804
86	206.92407363105178	174596.4606644642
87	36.35302961614274	174969.06050978362
88	208.85081821118607	175378.2339599261
89	229.03264522371094	177467.12868416336
90	632.6612424418338	197208.76045236996
91	181.44679418479734	250761.4712584371
92	129.27695845297438	267870.96641700127
93	218.09432179277366	229793.1996794014
94	370.0581565599941	210693.89885845932
95	232.43113183311834	192296.38417452216
96	-34.68220973597762	178190.90585507796
97	87.58700972155206	175123.15823514946
98	316.1177188820355	174391.7419478301
99	425.64664730777196	174120.53637882168
100	319.91154944769545	173992.48753588123
101	203.94363224452215	173965.6753974883
102	194.62328496757465	173610.6808126511
103	75.99352082325518	173874.13658744714
104	383.2293116358302	173908.96855113975
105	502.99812840888	173957.58761212637
106	95.18571934947205	174069.0696281549
107	194.44866324529184	174086.44347422538
108	447.46541205211975	174064.0224953737
109	376.06372551366206	174043.0312836356
110	495.21164890937905	174295.47463627884
111	195.717886545946	174527.152266672
112	167.03360121747048	174921.15686464283
113	21.550615143217595	175803.55137540167
114	392.326216596651	179561.184142717
115	208.9094999518344	211743.19668374222
116	93.73600510785334	312757.8467551991
117	121.89583808226551	341790.05521999166
118	552.1672919433729	244163.43637978545
119	302.07505036092715	185243.90074325586
120	318.9631193804301	176313.83458536968
121	310.85210454623655	174455.25456774834
122	286.4131827677151	173904.78264792665
123	21.884587782329483	173583.62163867
124	100.73576356397226	173590.1443515506
125	318.39795256042294	173880.5815120383
126	259.85442126434293	174171.49776124067
127	332.54299236228724	174239.53197893346
128	690.8432506658437	174122.74155736534
129	151.40202952397874	173790.7960208304
130	50.870747508451046	173802.30572045586
131	-52.51196329308381	174164.0025792135
132	-19.039282146929633	175907.70791994387
133	337.7372034509172	187438.62790190303
134	165.49730443042387	252189.70101655726
135	254.78474477023647	312836.1602491616
136	127.8786593554565	253707.00305068513
137	256.57971627524614	190459.2288171609
138	-186.0372707563591	177025.6129782266
139	128.37597504818592	174308.7377350939
140	169.9037137497722	173604.53481690973
141	243.49464560022986	173248.43548843722
142	181.27246845136767	173183.60250741334
143	-114.62497336750464	172976.73143888015
144	-76.44462250267313	173092.11241282139
145	-31.463679296416068	172878.82304660304
146	460.06087316477823	172698.25750442268
147	3.837077423379103	172480.0255986256
148	-63.202567973559525	172692.86109532864
149	227.2730926464179	172430.69625088174
150	15.633262080031002	172513.54125634942
151	114.7269880661167	172704.5498762297
152	193.64248744404637	172510.508375188
153	432.58172031019643	172726.94973828777
154	-0.493108809128687	174366.15177342857
155	338.79737523110794	175340.33639960835
156	776.1454945472473	173860.11155919643
157	124.43597431247488	172929.71884826283
158	92.8729627792603	172664.21801754375
159	232.54202696098963	172500.02583684537
160	83.67192575598196	172367.84631590205
161	380.26721749748003	172141.05016305725
162	49.804515367265765	172416.59080341228
163	-27.459643971438425	172657.06010614202
164	107.05798991994789	172339.91159918296
165	143.73671871997448	172883.87279789094
166	302.6287419935454	172401.4306030899
167	222.48023071807862	172518.33501293938
168	24.107483354850835	172382.62047391987
169	141.46105000152366	172542.3170548152
170	287.13329559128	172783.56146822192
171	124.77635064589398	172868.69492772617
172	195.05916437506988	172935.8076304619
173	356.39761021155914	172454.46398299033
174	279.452996910561	172143.43761731638
175	72.91119965179307	172311.88167852367
176	-5.080331668129906	171977.34453109518
177	336.03589308236013	172024.5361884664
178	212.67046087511486	172228.69810264406
179	420.2555678554071	172247.52502688562
180	232.71057323968432	172118.0590691314
181	329.0897901600891	172001.97411639686
182	300.74988782490146	171656.64950651772
183	325.62787067055706	171882.65121073922
184	433.75450525640616	172216.06845252408
185	296.4762456401616	172068.80683643423
186	368.0743005132967	171859.8333767821
187	574.9064489848892	171900.04877188292
188	546.2763683560993	172193.9608046894
189	252.93074298129318	171948.96251515925
190	233.75232011890853	171845.63657265273
191	169.0398057661988	171815.84238421285
192	189.59180941915182	171757.9401357616
193	272.75905716907295	171719.30557647013
194	427.828177827582	171745.70479548283
195	340.80288091190187	171665.14090802622
196	144.00341566436677	171404.54505073378
197	442.32574386083576	171270.75822748535
198	92.38409787536246	171778.30364223817
199	-19.00680824884082	173654.0084351235
200	-150.98537538979133	176989.80540770467
201	310.03113045307714	175808.7570089931
202	392.6696926698483	173763.81861887197
203	140.98821603888848	172945.22765094892
204	-126.81294403365926	171637.11521672847
205	202.17629072590944	171856.7617109487
206	211.79878859941817	171784.3318862068
207	367.95238037358416	171850.29639104198
208	255.39778312877928	171677.5923740533
209	193.80233877650286	171417.2179725663
210	131.83337749900767	171745.93367712962
211	275.7870940465376	171561.82214436313
212	170.3711132239049	171577.45300972252
213	39.10626393678417	171710.3077281673
214	388.50080590403206	171354.8650577965
215	195.7721820514291	171317.27979558604
216	230.16888560196517	171282.4519488221
217	435.5228900816471	171520.73895965662
218	15.237881604224492	171926.5170484815
219	303.6308840388118	173030.40910876912
220	-40.799650722911515	172822.61561945587
221	-202.1106177977324	173882.07944953395
222	-10.98264584877937	174167.19036479888
223	182.9954801647276	172787.4732931083
224	-48.515138918840215	171739.6622440415
225	85.35765497815846	171310.7688247913
226	346.28030600452075	171194.4230749624
227	-93.34957612518281	170972.7165172161
228	-88.91475036410236	171207.61920856364
229	158.7039631379625	170983.82724709032
230	-43.45395135146174	171175.55394140157
231	239.6388089588896	171171.75807921082
232	87.23778425455758	171284.23859441208
233	151.05098809541803	170883.14901130728
234	215.62279135799676	171205.91261316213
235	-76.02423445058875	172113.39820319583
236	118.28141488524932	172745.28583773095
237	293.8450956520922	171842.6569970289
238	313.20106058707006	171464.6195984093
239	373.0697925246193	171342.05317868124
240	294.41810472105055	171442.9158890842
241	305.57569676013105	172005.2367155189
242	180.10764435728214	172898.73622473713
243	476.8691093409915	172660.66034763158
244	459.8927768101102	171243.23881645603
245	413.81587504646745	171237.22530355776
246	83.8465898817529	171009.1123483704
247	218.31238026437083	171072.72877545748
248	217.81510686902314	171375.74811143838
249	-86.79974067216892	172635.7245854564
250	415.99082297201284	176721.09942902255
251	394.3525199037049	216898.04468995702
252	40.58072363322019	257005.3789781221
253	-27.601440391292776	219115.00021120236
254	-81.52818856370357	183289.03954844674
255	-209.078518393481	173781.11727754233
256	27.129078626694604	171993.57481549119
257	184.81717033158884	171535.97569582553
258	113.25586340603572	171334.9261823811
259	135.04956269370027	171157.13184959444
260	191.32361119846163	171265.6664588013
261	-230.19629488070322	172116.36379809966
262	-290.8707353697434	172144.1912000551
263	-279.47018111254533	171435.98299691323
264	181.75006554526973	170935.1202177927
265	151.92171205425146	170894.1520482147
266	185.6906829563305	170774.4196067021
267	17.38411878233245	170772.870387153
268	-62.28757593188041	170625.74016605405
269	162.1204449377617	170684.09289065123
270	270.5499371318509	170524.114235525
271	323.1882123861782	170971.67637455868
272	-108.14733669617767	170779.5012986072
273	303.31544702093333	170623.43839788644
274	144.2582657327269	170718.18916321054
275	192.61452747589138	170715.4299731685
276	286.9669468660233	170727.07286864633
277	373.79483214017233	170705.04214435746
278	-113.13180692754975	170840.82012498955
279	67.11298246373397	171118.44887253217
280	149.8672130240901	171018.64133625745
281	128.9273386850838	170635.31134292117
282	289.7646057085348	170885.39871367064
283	65.07001146484326	171142.91934316928
284	94.48630895920712	171951.25402758527
285	125.6344533752227	183008.52845494277
286	298.0673877048327	200320.3771325112
287	290.70183353005524	190015.83344278403
288	139.92926307916417	176059.34630670355
289	315.83574190053156	171904.27835499163
290	16.74727354462445	171369.79505277396
291	282.7492247767037	171585.11754336
292	121.51693766004183	177519.68995498694
293	243.84479308867174	182787.73729864042
294	585.6816974092366	177165.3213581227
295	370.5625688285527	172488.8613998368
296	-30.430715426523232	171094.76986268332
297	79.15593046292776	170820.7496085743
298	253.7184611685321	170460.66255127205
299	251.30953725059587	170268.76408376626
300	102.7919746342106	170394.56665941625
301	487.0051584702152	171081.0773349768
302	82.59772575128747	171402.44277709123
303	66.12968399530172	171184.6080767399
304	196.24496360328837	170830.063006358
305	-67.0744203340604	170463.67227305783
306	21.308433896282544	170442.79010795383
307	116.66934348704424	170228.10551984204
308	270.78105750643954	170270.8221300928
309	382.71567717776367	170256.28863747642
310	107.4563661042945	170185.56977600793
311	157.06329589607137	170169.43606075275
312	82.9805520317623	170381.51057164767
313	7.991343580937645	170500.82790327785
314	146.20585032912314	170442.91909460817
315	387.98487978853166	170443.71802843834
316	466.6563285396568	170299.49409430326
317	282.4741250378145	170137.3917151838
318	-26.522262122277894	169819.08753497392
319	101.78420374108293	170300.20686614932
320	144.76217997094528	170153.03681686142
321	176.1391036612797	170113.32033538516
322	257.77412021014146	170343.39943571045
323	21.039414798361094	170130.27440222815
324	-19.58056132171837	170044.17378142595
325	331.09966619930213	170117.49517285786
326	615.3842304190969	170180.33651115635
327	463.48899968990577	169885.86131756398
328	406.5294299676846	170277.6950614384
329	260.9613272086308	170291.75466009747
330	560.2123307839207	170123.00405254943
331	295.92606562028107	170324.72715503187
332	209.78757986976512	170241.7552238995
333	128.1782157177774	170031.0337321766
334	-42.682586559436096	170078.10792075802
335	262.018251738008	170388.81842678873
336	324.78415637337775	170618.42985575332
337	414.1888612155075	170392.26409289968
338	107.81344110078197	170029.76757333463
339	11.94954034276184	170172.53709269725
340	100.52743695408671	170118.21598100578
341	590.6687662868951	169813.56698705736
342	440.6205444725792	170096.30582706648
343	153.6757736271387	169887.5038522858
344	314.0192564625661	169535.39877265278
345	326.7955421173249	169879.9295084074
346	498.3822341599893	169687.38335602215
347	1.6153008179220008	169930.68772456556
348	49.62501646445136	170149.2609506271
349	339.20900470594785	170015.58470250477
350	148.41604496291816	169887.9426356869
351	13.38285050183676	170116.6542004661
352	411.39962837048336	169900.10642012814
353	334.30896792501625	169803.89722433127
354	360.1784870375854	169978.43339306023
355	323.68897577662017	169603.3957675505
356	391.26995344952337	169963.83664923572
357	200.3675509081487	169853.07009057255
358	286.9697759561601	169991.38465536418
359	148.26065509604467	169991.74761165556
360	328.9907610829447	169793.35650894215
361	279.6086489967306	170134.15360623188
362	250.05964752869534	169858.93790108108
363	142.55178648894466	169949.6646216177
364	-82.53190264498463	169944.7259004049
365	261.34488189670014	170317.63666286037
366	96.89905189225404	171157.34056207218
367	84.1564614292653	171757.91474266668
368	-230.5894579755913	172259.6884934723
369	427.2193537331413	172704.28246569645
370	463.06943854754405	184821.35447559797
371	210.37985404892189	241096.34768054093
372	320.1397223292358	246421.9226341764
373	452.5189414379714	201509.2109112584
374	126.74600389493723	178702.12330555735
375	118.866376318881	172719.1289387807
376	-35.644150971041626	171626.72415711827
377	218.0315531442602	171874.11013309902
378	144.71788481074594	177830.30573826248
379	503.0434487618212	191414.85724836608
380	142.84208053726599	185432.2098933191
381	145.56376434873303	174982.3614080477
382	290.8426234467906	171462.86194852204
383	401.5743646888578	170426.23784669585
384	515.9815958119376	169977.0209197708
385	401.2416311992906	170072.39476154646
386	373.941262852799	169782.08638510425
387	317.89356587884674	169617.19291225055
388	348.4607658970322	169797.66900258703
389	225.7921202692447	169877.1165363279
390	387.33703371054094	169704.05818491746
391	166.7442094806449	169974.54514553523
392	104.69765263655371	169974.24722870934
393	-29.071387943891622	169898.65887871513
394	340.6814229353243	169656.87942099973
395	362.0216589078689	169675.10494223677
396	307.13532775121746	169456.44184733555
397	465.0524886584456	169909.06663452752
398	381.2410099716139	170167.3591859978
399	-1.7109606131780115	169874.12561080453
400	-39.51354526347656	169666.73197390142
401	339.9350883654097	169620.9033746682
402	600.6982609257749	169748.95816048482
403	590.8754493082433	169679.14592719814
404	398.1841345535776	169793.79511466165
405	42.93277274347551	169744.61704740202
406	170.29615620184953	169541.05415910747
407	495.2447966059031	169841.9921616328
408	439.42682799981435	169488.10285110894
409	447.45749311533785	169396.2097963852
410	207.8250601464824	169626.4223861068
411	456.06426800504084	169533.57328669942
412	153.94952643754573	169629.07899802172
413	207.79356783250984	169941.9534422273
414	299.25726428900293	170550.97435842972
415	308.40409653729444	171063.38923735745
416	461.41352484548173	170098.7642588884
417	243.55141589263718	169748.58648248855
418	202.22672387692504	169772.7932959572
419	160.63330888069444	169593.78906887068
420	330.55269319674204	169733.65695322995
421	405.342044445936	170309.59068444188
422	351.19335098370453	171961.9493893681
423	323.6169357759659	171930.79238713774
424	76.03752271711099	171956.8966277461
425	61.13495982112332	171266.97650640964
426	320.54071344813855	170035.84547822643
427	446.58438765739413	169823.70763556677
428	252.46420519618252	170738.80682441546
429	236.88576892112653	172730.65205518837
430	136.368672887907	172849.5612757476
431	199.70013869036939	170838.51639226192
432	21.53760427499175	169983.64084842888
433	387.5781610110128	169503.5898467847
434	424.6516429300164	169669.4982080602
435	286.5678858340419	169471.89896723925
436	10.7509993603133	169488.82861769316
437	263.55392533638206	169286.26715867515
438	-113.42079650246819	169447.53426030127
439	235.03147827238686	169409.76537655696
440	236.57733644982727	169649.0777873041
441	357.2337906885992	169949.15895170224
442	258.09027777990246	169834.5791707769
443	272.2729181318152	169442.9152973448
444	524.0377264924488	169583.35495502813
445	315.45303461897834	169895.81833930136
446	249.29575064530678	170676.1899695915
447	-38.57264398144362	170893.3564493499
448	318.48109628638593	170286.27184293655
449	527.5354883369101	170114.10847325803
450	68.57642255194511	171953.2530156014
451	226.53725229574158	177433.4842281183
452	519.724366088002	176326.42582518965
453	264.53879987599424	172261.77830572176
454	502.00231815927435	171740.01800986013
455	416.64105343875366	177423.77519800293
456	-48.53989160640791	179024.06279868
457	192.95597852429512	174151.11090039567
458	331.7133900024879	172278.737042443
459	373.0520709741576	172037.55132341024
460	17.705971162312245	170687.04160991617
461	196.64788511488004	170126.81289073752
462	587.2294746761579	169854.2058483668
463	173.3062110013877	169887.9574072127
464	146.27826950290586	170045.8005810446
465	159.2241235100061	170112.27282188536
466	15.44101768902019	170201.8527623816
467	306.1186499824389	170517.1865620096
468	577.8174055205914	170278.64121176352
469	250.18060989751388	170990.22725926156
470	-332.0252640671041	177689.95540225995
471	-374.1705174755779	225799.78840025043
472	166.67000509703982	501625.088244994
473	278.2852587410042	649537.8542234778
474	18.47330984066126	478736.32586473064
475	22.068161992690023	293725.6637420665
476	-44.4169367023171	211590.74040670515
477	500.8123343252283	188056.03903080034
478	137.6604199466967	179767.80677381915
479	87.36416525758386	175755.43062429357
480	225.65224961083388	173466.17870722638
481	113.86557509121262	174133.44446383885
482	-115.883071434791	174840.43706851735
483	5.523593443135488	172696.13583927197
484	268.66507797001617	170945.38910474043
485	122.54249597598373	170213.67246841989
486	264.2545775730174	169799.26944654697
487	552.2158184281245	169836.36310725604
488	285.1974255878796	169844.8110965205
489	29.778774624975057	169988.60425378408
490	-101.65634363097136	169622.59884003713
491	376.0884351975882	169720.96982052742
492	172.31570301847245	169317.8824447368
493	276.817188698569	169470.98954706098
494	12.262530247479503	169562.9822493178
495	234.03934317093803	169572.84853784676
496	484.9052486645748	169335.0662516215
497	-22.2615768333328	169354.48702142792
498	253.40991695830144	169533.47911575157
499	156.68931063434198	171227.0705656368
500	656.2725432372288	176469.09423118448
501	253.34181069615917	176404.86826161234
502	-61.105549972430325	172572.4933043499
503	470.4080040478582	170280.85488388903
504	464.72176086555686	169447.69170712962
505	15.876166991299932	169652.5266352254
506	146.2145997093734	169744.29943563222
507	230.6395525703924	169479.36929311615
508	114.50188684914704	169394.98732085087
509	386.0099713730971	169345.79921821164
510	365.07143718514834	169155.5928372754
511	528.9848435878497	169000.1705500478
512	81.39434539291088	169533.9363104599
513	399.2788139402878	169491.81706248096
514	418.8923180243578	169427.37082238583
515	251.3341722938568	169673.62542911136
516	282.02841473391595	169391.43000842945
517	70.65031787323807	169383.31858073166
518	-115.30027924753735	169406.6137463475
519	126.8951892771359	169575.1173837707
520	400.42740664562194	169741.30978942913
521	194.8304499722667	171154.99308541272
522	196.02591097226073	181335.63046964884
523	74.79719698172448	227295.18969085932
524	149.49527871405172	254501.41692534037
525	460.1500619979886	215349.3153571732
526	277.1585143070471	188984.37322670073
527	98.41565501446334	181278.38879600586
528	242.20900271898446	175288.18240326058
529	319.1928953344264	172380.2816668028
530	-28.786346723964254	170925.52159735718
531	250.98871549580036	171197.28071522166
532	397.26076580108764	170704.78197705027
533	125.20172238387516	169816.79469498806
534	184.3556788297767	169641.23037750353
535	282.5385072543952	169749.38789986676
536	484.33037220259257	169303.64526200923
537	371.99325376815995	169402.92663075074
538	65.34895991760754	169484.73659527034
539	-69.61721820344724	169338.11274753
540	221.17846833404516	169030.0571030562
541	387.30276987089104	168943.60985189865
542	677.2917345079469	169356.78170022872
543	491.3940011464726	169340.54104968763
544	280.69483305550426	169232.61094753473
545	404.7283091621777	169445.95742652047
546	319.392751150114	169680.7448596052
547	124.44264840527063	169418.5538722327
548	232.94881441772947	169333.49845831728
549	289.30196284846346	169351.9460105252
550	524.6715062012606	169294.35451187688
551	77.3875001107066	169405.8531839601
552	251.96073159904012	169576.59809834385
553	303.5116178297591	169679.08614106965
554	158.93777888176834	169463.281965252
555	443.8474932891572	168990.14684057693
556	365.7800725599105	168834.0808957252
557	229.04338041992895	169310.13211208224
558	95.28308687259438	169240.97277876854
559	221.64162839256193	169502.6485671192
560	146.20137057526088	169517.0646502958
561	514.2077461968947	169414.7336779519
562	409.04134886782674	169248.95749105874
563	511.6417089055213	169307.81262574336
564	413.0360412257404	169375.3188186323
565	504.14955680452965	169783.75970862497
566	581.3508164111645	169957.73708695252
567	287.93661685999996	172251.45106033143
568	458.83144081810406	182465.60386455222
569	237.14388987932185	302033.0205145619
570	365.0330098119676	474370.155843709
571	-108.47889340178298	358730.81339259434
572	285.6193784091715	238070.1186205787
573	135.70298927765734	198225.21512572764
574	151.66795252062238	191430.48338149366
575	336.4231446844174	185481.13420722974
576	16.24575577071235	177638.68643144556
577	381.83394055834503	173631.35030531182
578	180.4690122340289	171787.17332931355
579	570.8257702818164	170685.88355455353
580	88.41952102938447	170039.15651206745
581	120.27088809778527	169937.71391606744
582	332.2465018666859	169530.0851011615
583	199.40789268923302	169427.5811554043
584	245.73511378867514	169352.5094836296
585	499.43897044894953	169244.168385851
586	55.19306925441078	170643.80706220586
587	74.71315518065401	180878.69484711142
588	451.5850173213937	187997.76634163267
589	539.7048647084536	178934.92302745927
590	372.8741221702305	173032.70012261992
591	184.08260511676409	170772.9436244698
592	321.9420109774139	170086.25376367432
593	223.75483771287878	169529.16725613753
594	250.48132111357899	169040.13027873973
595	168.88705004696845	169240.73129943744
596	298.1627414769973	169345.96651579312
597	333.78332188262794	169318.36387074162
598	234.88117626168878	169445.9469824296
599	116.85681572954101	169015.29804913807
600	475.9349785899403	169030.7542107739
601	187.63130262013408	168996.95460158054
602	-22.724764529692496	168973.06815818188
603	182.36710143571193	169190.72590593694
604	501.7299522151497	169462.83821357315
605	162.05169264693973	169843.12308600402
606	194.32762230379856	169155.01376660337
607	238.4702832688267	168856.00017039207
608	-13.999489216488584	168924.36748608004
609	-5.959496328346317	168855.04373789037
610	270.03062313613464	169178.5474367115
611	322.7519488799179	168847.37124910665
612	556.5738146060406	168816.7701624284
613	185.15041834426208	168831.22552106343
614	-28.201994493436004	169010.7554748599
615	46.13762132069264	168740.8878173993
616	101.69508295385256	168882.9428812512
617	373.44264708441096	168972.8423409993
618	222.40020640301225	168927.26093347557
619	189.28104754493398	168980.14407397193
620	139.88404213240406	168888.4491563426
621	67.82594353770057	168459.68269847587
622	126.74189607943421	168667.2138578478
623	366.1954663757379	168533.03620058025
624	331.2600631220014	168814.08653043766
625	242.2830695294976	168742.23685889688
626	-95.40897247011065	168458.22544629328
627	118.52971732031612	168611.07927166167
628	273.6440272967643	168622.71537585804
629	148.94472007464262	168678.5575126115
630	218.88127241565257	168768.11102177738
631	452.2826635373748	168645.10190217494
632	220.11476382907233	168585.6317366644
633	118.42613551144164	168772.31863083446
634	153.20009405984263	168668.12881484465
635	194.96242341458665	168592.5905165482
636	204.15218497570382	168987.72475999882
637	210.61276027165852	168780.01019173866
638	162.05867709259707	168455.94631233194
639	630.4623216183396	168531.4221011642
640	342.52178654922676	168431.80007492445
641	230.01858734468527	168840.4419987204
642	-53.665135813006316	168642.62699737048
643	197.99789028249927	168794.94863793103
644	-4.369765767062688	168773.99129099926
645	352.6092289844955	168619.55755447783
646	198.4781391693601	168583.87514424915
647	219.11646266441065	168640.9040485564
648	143.57322869317318	168284.22988429083
649	289.3692956910234	168525.80663308682
650	225.14716216141545	168619.06788580827
651	224.00091127701853	168657.7937046744
652	252.8791590627034	168631.20321393647
653	328.98290611353855	168991.54406540724
654	156.62333684517142	169504.51433768758
655	433.42247883340445	169504.27666733233
656	280.1166160758734	168991.4191347766
657	219.27886494039655	168647.2352613954
658	115.99825821918367	168764.1934209086
659	494.3967751103174	168579.2993780631
660	76.49746723239438	168406.5040559876
661	341.40974266581566	168387.76415299185
662	258.5008058031408	168515.8450141133
663	279.02003288761256	168447.02288418112
664	215.58161766371651	168691.6255414382
665	97.02662304631798	171174.2436951124
666	41.45336146983371	173135.52630701862
667	285.1140291882687	171138.27818285106
668	147.20145772203736	169517.06860905222
669	256.19142031564064	168925.30725735705
670	45.730828029950345	168552.586398405
671	253.15352870778514	168621.9407425931
672	290.51654660272766	168766.43123996485
673	415.0738447625894	168464.0092158516
674	243.7920716664512	168339.005666113
675	401.62978164480705	168331.60598725686
676	503.93198012948795	168255.60109200477
677	448.5979202006369	168480.0791812447
678	303.47156373663745	168693.04376388047
679	258.54471639548814	168759.41645459595
680	371.336653436196	168608.94401017687
681	681.5794371391885	168282.86300383424
682	235.8092653452988	168359.9213373188
683	425.8302067978934	168469.46887023718
684	178.43517239817385	168334.32090269224
685	325.9478626071917	168229.5377811221
686	431.93676127776575	168348.8950862472
687	662.1250357423268	168393.1228000889
688	489.43198526160614	168515.8742341186
689	50.118397954775865	168213.19567144953
690	313.13797694998004	168311.10064199578
691	203.81949241073835	168564.32239386858
692	267.6122542285718	168543.3710316569
693	427.7403772491309	168440.7199293895
694	159.1851300587248	168310.65533033977
695	185.27096561254578	168271.0911765372
696	249.14428762559336	168767.29905176125
697	697.9491278873539	169748.88907808365
698	491.08914902746506	169726.34732248352
699	222.08837215235292	168956.89077488403
700	478.5472641835159	168562.44840666445
701	-4.549391163806163	168761.15500567685
702	40.62659376513486	168551.50269506863
703	228.35320578719123	168308.3848354555
704	319.6179761469994	168372.785608754
705	454.1004778862472	168332.18610356646
706	186.68121481225612	168418.59304252395
707	91.83879924613547	168629.91938184755
708	-4.95149498180328	168685.24195367654
709	12.869053234663763	170109.0020245345
710	158.33432018687904	170274.96095654444
711	220.5699702992568	169656.74069943026
712	-7.663763592498296	169386.19482372596
713	302.9758460320942	169050.7765828608
714	243.21237168798632	168591.19223611767
715	299.90095450175056	168685.2776739695
716	300.4451089229996	168567.6468381921
717	288.14135205958576	168677.34980306763
718	192.7774875728165	168971.26871854215
719	112.11036369141253	169268.33812348847
720	166.36921103357918	172981.01526732105
721	200.38125450383762	211609.530040716
722	286.56632808878487	368109.5114624596
723	469.7736914021733	360273.23959230207
724	487.6804922672949	236745.6576548002
725	295.9326612071743	199854.652963998
726	76.02611564524177	185023.27041850684
727	290.6820530622439	178509.51520120684
728	637.090395910581	175744.77716798015
729	114.81925997391599	173468.0924456774
730	65.555262475889	171754.2922958026
731	709.33786909641	171127.52801433345
732	261.58602713069405	173549.94628274578
733	-52.13533566854879	179353.69009020645
734	133.33086191331597	175786.5577299842
735	268.5047864062378	171076.79101254544
736	280.4759193176268	169877.7859637333
737	149.70929374279078	169467.28890908486
738	455.32062575396185	168848.48886957282
739	553.5303134901396	168707.5187224205
740	84.0260706801812	168909.69278380266
741	319.4537897087191	169569.040298982
742	25.55611236098086	174588.4978982984
743	576.6655645394973	182704.88776838026
744	53.587834610984274	189651.08748251255
745	-177.8278335473154	181694.54534271354
746	291.95071745196185	172990.0275611368
747	610.1009626209574	170552.1372924962
748	368.58673241478175	169346.16363045914
749	82.70319807327346	168650.96532804248
750	631.1708914249972	168620.7016286926
751	27.282127059546678	168492.03850049851
752	-35.607360653565514	168043.44625046453
753	400.34460874848594	168132.48146304666
754	356.75990105480605	167915.66326652534
755	278.9966258282348	167776.75084215135
756	-232.53057030603594	167710.09322592788
757	82.37807753108306	167677.55118643746
758	503.5137864206938	167692.7076696232
759	406.2673943732349	167949.21366766136
760	240.62548063970524	167915.5514240781
761	244.29145259377867	167981.79801417064
762	165.30619753002068	142659.50610030504
763	-2.344446001158847	93369.82648642111
764	230.98794356151367	43864.46028358054
