a	I
2.736	20.0
2.733	20.0
2.731	20.0
2.728	20.0
2.725	19.9
2.723	19.9
2.720	19.9
2.717	19.9
2.715	19.9
2.712	20.0
2.709	20.0
2.707	19.9
2.704	19.9
2.701	20.0
2.699	19.9
2.696	19.9
2.693	20.0
2.691	20.0
2.688	20.0
2.685	20.0
2.683	20.0
2.680	20.0
2.677	20.0
2.675	20.0
2.672	20.0
2.669	20.0
2.667	20.0
2.664	20.0
2.661	20.0
2.659	20.0
2.656	20.0
2.653	20.0
2.651	20.0
2.648	20.0
2.645	20.0
2.643	20.0
2.640	20.0
2.637	20.0
2.635	20.0
2.632	20.0
2.629	20.0
2.627	20.0
2.624	20.0
2.621	20.0
2.619	20.0
2.616	20.0
2.613	20.0
2.610	20.0
2.608	20.0
2.605	20.0
2.602	20.0
2.600	20.0
2.597	20.0
2.594	20.1
2.592	20.0
2.589	20.0
2.586	20.0
2.584	20.0
2.581	20.0
2.578	20.0
2.576	20.0
2.573	20.0
2.570	20.0
2.568	20.0
2.565	20.0
2.562	20.0
2.560	20.0
2.557	20.0
2.554	20.0
2.552	20.0
2.549	20.0
2.546	20.0
2.544	20.0
2.541	20.0
2.538	20.0
2.536	20.0
2.533	20.0
2.530	20.0
2.528	20.0
2.525	20.0
2.522	20.1
2.520	20.1
2.517	20.1
2.514	20.1
2.512	20.1
2.509	20.1
2.506	20.1
2.504	20.1
2.501	20.1
2.498	20.1
2.496	20.1
2.493	20.1
2.490	20.0
2.488	20.0
2.485	20.0
2.482	20.1
2.480	20.1
2.477	20.1
2.474	20.1
2.472	20.1
2.469	20.1
2.466	20.1
2.464	20.1
2.461	20.1
2.458	20.1
2.456	20.1
2.453	20.1
2.450	20.1
2.448	20.1
2.445	20.2
2.442	20.2
2.440	20.2
2.437	20.2
2.434	20.2
2.432	20.2
2.429	20.2
2.426	20.2
2.424	20.2
2.421	20.2
2.418	20.2
2.416	20.2
2.413	20.2
2.410	20.2
2.408	20.2
2.405	20.2
2.402	20.2
2.400	20.2
2.397	20.2
2.394	20.2
2.392	20.2
2.389	20.2
2.386	20.2
2.384	20.2
2.381	20.2
2.378	20.3
2.376	20.3
2.373	20.3
2.370	20.3
2.368	20.3
2.365	20.3
2.362	20.3
2.360	20.3
2.357	20.3
2.354	20.3
2.352	20.4
2.349	20.4
2.346	20.4
2.344	20.4
2.341	20.4
2.338	20.4
2.336	20.4
2.333	20.4
2.330	20.4
2.328	20.4
2.325	20.4
2.322	20.4
2.320	20.4
2.317	20.4
2.314	20.4
2.312	20.5
2.309	20.4
2.306	20.4
2.304	20.4
2.301	20.4
2.298	20.4
2.296	20.5
2.293	20.5
2.290	20.5
2.288	20.5
2.285	20.5
2.282	20.5
2.280	20.4
2.277	20.5
2.274	20.5
2.272	20.5
2.269	20.5
2.266	20.5
2.264	20.5
2.261	20.5
2.258	20.5
2.256	20.5
2.253	20.5
2.250	20.5
2.248	20.5
2.245	20.5
2.242	20.5
2.240	20.5
2.237	20.5
2.234	20.6
2.231	20.6
2.229	20.5
2.226	20.5
2.223	20.5
2.221	20.5
2.218	20.6
2.215	20.6
2.213	20.6
2.210	20.6
2.207	20.6
2.205	20.6
2.202	20.6
2.199	20.6
2.197	20.6
2.194	20.6
2.191	20.6
2.189	20.6
2.186	20.6
2.183	20.6
2.181	20.6
2.178	20.6
2.175	20.6
2.173	20.6
2.170	20.6
2.167	20.6
2.165	20.6
2.162	20.6
2.159	20.6
2.157	20.6
2.154	20.6
2.151	20.6
2.149	20.6
2.146	20.6
2.143	20.6
2.141	20.6
2.138	20.6
2.135	20.6
2.133	20.6
2.130	20.6
2.127	20.7
2.125	20.7
2.122	20.7
2.119	20.7
2.117	20.7
2.114	20.7
2.111	20.7
2.109	20.7
2.106	20.7
2.103	20.7
2.101	20.7
2.098	20.7
2.095	20.7
2.093	20.7
2.090	20.7
2.087	20.7
2.085	20.7
2.082	20.7
2.079	20.7
2.077	20.7
2.074	20.7
2.071	20.7
2.069	20.7
2.066	20.7
2.063	20.7
2.061	20.7
2.058	20.7
2.055	20.7
2.053	20.7
2.050	20.7
2.047	20.7
2.045	20.7
2.042	20.7
2.039	20.7
2.037	20.7
2.034	20.7
2.031	20.7
2.029	20.7
2.026	20.7
2.023	20.7
2.021	20.7
2.018	20.7
2.015	20.7
2.013	20.7
2.010	20.7
2.007	20.7
2.005	20.7
2.002	20.7
1.999	20.7
1.997	20.7
1.994	20.7
1.991	20.7
1.989	20.7
1.986	20.7
1.983	20.7
1.980	20.7
1.978	20.7
1.975	20.7
1.972	20.7
1.970	20.7
1.967	20.7
1.964	20.7
1.962	20.7
1.959	20.7
1.956	20.7
1.954	20.7
1.951	20.7
1.948	20.7
1.946	20.7
1.943	20.7
1.940	20.7
1.938	20.7
1.935	20.7
1.932	20.7
1.930	20.7
1.927	20.7
1.924	20.7
1.922	20.7
1.919	20.7
1.916	20.7
1.914	20.7
1.911	20.7
1.908	20.7
1.906	20.7
1.903	20.7
1.900	20.7
1.898	20.7
1.895	20.7
1.892	20.7
1.890	20.7
1.887	20.7
1.884	20.7
1.882	20.7
1.879	20.7
1.876	20.7
1.874	20.7
1.871	20.7
1.868	20.7
1.866	20.7
1.863	20.7
1.860	20.7
1.858	20.7
1.855	20.7
1.852	20.7
1.850	20.7
1.847	20.7
1.844	20.7
1.842	20.7
1.839	20.7
1.836	20.7
1.834	20.7
1.831	20.7
1.828	20.7
1.826	20.7
1.823	20.7
1.820	20.7
1.818	20.8
1.815	20.8
1.812	20.8
1.810	20.8
1.807	20.8
1.804	20.8
1.802	20.8
1.799	20.8
1.796	20.8
1.794	20.8
1.791	20.8
1.788	20.8
1.786	20.8
1.783	20.8
1.780	20.8
1.778	20.8
1.775	20.8
1.772	20.8
1.769	20.8
1.767	20.8
1.764	20.9
1.761	20.9
1.759	20.9
1.756	20.9
1.753	20.9
1.751	20.9
1.748	20.9
1.745	21.0
1.743	21.0
1.740	21.0
1.737	21.0
1.735	21.0
1.732	21.0
1.729	21.0
1.727	21.0
1.724	21.1
1.721	21.1
1.719	21.1
1.716	21.1
1.713	21.1
1.711	21.1
1.708	21.1
1.705	21.1
1.703	21.1
1.700	21.1
1.697	21.0
1.695	21.0
1.692	21.0
1.689	21.0
1.687	21.0
1.684	21.0
1.681	21.0
1.679	21.0
1.676	21.1
1.673	21.0
1.671	21.0
1.668	21.1
1.665	21.1
1.663	21.1
1.660	21.0
1.657	21.1
1.655	21.1
1.652	21.1
1.649	21.1
1.647	21.1
1.644	21.1
1.641	21.1
1.639	21.1
1.636	21.1
1.633	21.1
1.631	21.1
1.628	21.2
1.625	21.1
1.623	21.1
1.620	21.1
1.617	21.2
1.615	21.2
1.612	21.2
1.609	21.2
1.607	21.2
1.604	21.2
1.601	21.2
1.599	21.2
1.596	21.2
1.593	21.2
1.591	21.3
1.588	21.2
1.585	21.2
1.582	21.2
1.580	21.2
1.577	21.2
1.574	21.2
1.572	21.2
1.569	21.3
1.566	21.2
1.564	21.2
1.561	21.2
1.558	21.2
1.556	21.2
1.553	21.3
1.550	21.3
1.548	21.2
1.545	21.2
1.542	21.3
1.540	21.2
1.537	21.2
1.534	21.3
1.532	21.3
1.529	21.3
1.526	21.2
1.524	21.3
1.521	21.2
1.518	21.2
1.516	21.3
1.513	21.3
1.510	21.3
1.508	21.3
1.505	21.3
1.502	21.3
1.500	21.3
1.497	21.3
1.494	21.3
1.492	21.3
1.489	21.3
1.486	21.3
1.484	21.3
1.481	21.3
1.478	21.3
1.476	21.3
1.473	21.3
1.470	21.3
1.468	21.3
1.465	21.2
1.462	21.3
1.460	21.3
1.457	21.3
1.454	21.3
1.452	21.3
1.449	21.3
1.446	21.2
1.444	21.2
1.441	21.3
1.438	21.3
1.436	21.3
1.433	21.3
1.430	21.3
1.428	21.3
1.425	21.3
1.422	21.3
1.419	21.3
1.417	21.3
1.414	21.3
1.411	21.3
1.409	21.3
1.406	21.3
1.403	21.3
1.401	21.4
1.398	21.4
1.395	21.4
1.393	21.4
1.390	21.4
1.387	21.4
1.385	21.4
1.382	21.4
1.379	21.4
1.377	21.4
1.374	21.4
1.371	21.4
1.369	21.5
1.366	21.5
1.363	21.5
1.361	21.5
1.358	21.5
1.355	21.5
1.353	21.5
1.350	21.5
1.347	21.5
1.345	21.5
1.342	21.4
1.339	21.4
1.337	21.4
1.334	21.5
1.331	21.4
1.329	21.4
1.326	21.4
1.323	21.4
1.321	21.4
1.318	21.4
1.315	21.4
1.313	21.4
1.310	21.4
1.307	21.4
1.305	21.3
1.302	21.4
1.299	21.4
1.297	21.4
1.294	21.4
1.291	21.4
1.289	21.4
1.286	21.4
1.283	21.4
1.281	21.5
1.278	21.5
1.275	21.5
1.273	21.4
1.270	21.4
1.267	21.4
1.265	21.4
1.262	21.4
1.259	21.5
1.256	21.5
1.254	21.4
1.251	21.4
1.248	21.4
1.246	21.4
1.243	21.4
1.240	21.5
1.238	21.5
1.235	21.5
1.232	21.5
1.230	21.4
1.227	21.4
1.224	21.5
1.222	21.5
1.219	21.5
1.216	21.5
1.214	21.5
1.211	21.5
1.208	21.5
1.206	21.5
1.203	21.5
1.200	21.5
1.198	21.5
1.195	21.5
1.192	21.5
1.190	21.5
1.187	21.5
1.184	21.5
1.182	21.5
1.179	21.6
1.176	21.6
1.174	21.5
1.171	21.5
1.168	21.5
1.166	21.6
1.163	21.6
1.160	21.6
1.158	21.6
1.155	21.6
1.152	21.6
1.150	21.6
1.147	21.6
1.144	21.6
1.142	21.6
1.139	21.6
1.136	21.6
1.134	21.6
1.131	21.6
1.128	21.6
1.126	21.6
1.123	21.6
1.120	21.6
1.118	21.6
1.115	21.6
1.112	21.6
1.109	21.6
1.107	21.6
1.104	21.6
1.101	21.6
1.099	21.6
1.096	21.6
1.093	21.6
1.091	21.6
1.088	21.7
1.085	21.7
1.083	21.7
1.080	21.7
1.077	21.7
1.075	21.7
1.072	21.7
1.069	21.8
1.067	21.8
1.064	21.8
1.061	21.8
1.059	21.8
1.056	21.8
1.053	21.8
1.051	21.8
1.048	21.8
1.045	21.8
1.043	21.8
1.040	21.8
1.037	21.8
1.035	21.9
1.032	21.9
1.029	21.9
1.027	21.9
1.024	21.9
1.021	21.9
1.019	21.8
1.016	21.8
1.013	21.9
1.011	21.9
1.008	21.9
1.005	21.9
1.003	21.9
1.000	21.9
0.997	21.9
0.995	21.9
0.992	21.9
0.989	21.9
0.987	21.9
0.984	21.9
0.981	21.9
0.979	21.9
0.976	21.9
0.973	21.9
0.970	21.9
0.968	21.9
0.965	21.9
0.962	21.9
0.960	21.9
0.957	21.9
0.954	21.9
0.952	21.9
0.949	21.9
0.946	21.9
0.944	21.9
0.941	21.9
0.938	21.9
0.936	21.9
0.933	21.9
0.930	21.9
0.928	21.9
0.925	21.9
0.922	21.9
0.920	21.9
0.917	21.9
0.914	21.9
0.912	21.9
0.909	21.9
0.906	21.9
0.904	21.9
0.901	22.0
0.898	22.0
0.896	22.0
0.893	22.0
0.890	22.0
0.888	22.0
0.885	22.0
0.882	22.0
0.880	22.1
0.877	22.1
0.874	22.0
0.872	22.0
0.869	22.0
0.866	22.0
0.864	22.0
0.861	22.1
0.858	22.1
0.856	22.1
0.853	22.1
0.850	22.1
0.848	22.1
0.845	22.1
0.842	22.2
0.840	22.2
0.837	22.1
0.834	22.1
0.831	22.2
0.829	22.1
0.826	22.1
0.823	22.2
0.821	22.2
0.818	22.2
0.815	22.2
0.813	22.2
0.810	22.2
0.807	22.2
0.805	22.2
0.802	22.2
0.799	22.2
0.797	22.2
0.794	22.2
0.791	22.2
0.789	22.2
0.786	22.2
0.783	22.3
0.781	22.2
0.778	22.2
0.775	22.3
0.773	22.3
0.770	22.3
0.767	22.3
0.765	22.3
0.762	22.3
0.759	22.3
0.757	22.3
0.754	22.3
0.751	22.3
0.749	22.3
0.746	22.3
0.743	22.3
0.741	22.3
0.738	22.3
0.735	22.3
0.733	22.3
0.730	22.3
0.727	22.3
0.725	22.3
0.722	22.3
0.719	22.3
0.717	22.3
0.714	22.3
0.711	22.3
0.709	22.3
0.706	22.3
0.703	22.3
0.701	22.3
0.698	22.3
0.695	22.3
0.692	22.3
0.690	22.3
0.687	22.3
0.684	22.3
0.682	22.3
0.679	22.3
0.676	22.3
0.674	22.3
0.671	22.3
0.668	22.4
0.666	22.3
0.663	22.4
0.660	22.3
0.658	22.3
0.655	22.3
0.652	22.4
0.650	22.4
0.647	22.4
0.644	22.4
0.642	22.4
0.639	22.4
0.636	22.4
0.634	22.4
0.631	22.5
0.628	22.5
0.626	22.5
0.623	22.5
0.620	22.4
0.618	22.4
0.615	22.5
0.612	22.5
0.610	22.5
0.607	22.5
0.604	22.5
0.602	22.5
0.599	22.5
0.596	22.5
0.594	22.5
0.591	22.5
0.588	22.5
0.586	22.5
0.583	22.5
0.580	22.5
0.578	22.5
0.575	22.6
0.572	22.5
0.570	22.5
0.567	22.5
0.564	22.5
0.561	22.5
0.559	22.5
0.556	22.5
0.553	22.5
0.551	22.5
0.548	22.5
0.545	22.5
0.543	22.5
0.540	22.5
0.537	22.5
0.535	22.5
0.532	22.5
0.529	22.5
0.527	22.5
0.524	22.5
0.521	22.5
0.519	22.5
0.516	22.5
0.513	22.5
0.511	22.5
0.508	22.5
0.505	22.5
0.503	22.5
0.500	22.5
0.497	22.5
0.495	22.4
0.492	22.5
0.489	22.5
0.487	22.4
0.484	22.4
0.481	22.5
0.479	22.5
0.476	22.5
0.473	22.5
0.471	22.5
0.468	22.5
0.465	22.5
0.463	22.5
0.460	22.5
0.457	22.5
0.455	22.5
0.452	22.5
0.449	22.5
0.447	22.5
0.444	22.5
0.441	22.6
0.438	22.6
0.436	22.5
0.433	22.5
0.430	22.5
0.428	22.5
0.425	22.6
0.422	22.6
0.420	22.6
0.417	22.6
0.414	22.6
0.412	22.6
0.409	22.6
0.406	22.6
0.404	22.6
0.401	22.6
0.398	22.6
0.396	22.6
0.393	22.6
0.390	22.6
0.388	22.7
0.385	22.7
0.382	22.7
0.380	22.7
0.377	22.7
0.374	22.7
0.372	22.7
0.369	22.7
0.366	22.7
0.364	22.7
0.361	22.7
0.358	22.7
0.356	22.7
0.353	22.7
0.350	22.7
0.348	22.7
0.345	22.7
0.342	22.7
0.340	22.7
0.337	22.7
0.334	22.7
0.332	22.7
0.329	22.7
0.326	22.7
0.324	22.7
0.321	22.7
0.318	22.8
0.316	22.7
0.313	22.7
0.310	22.7
0.307	22.8
0.305	22.7
0.302	22.7
0.299	22.7
0.297	22.7
0.294	22.7
0.291	22.7
0.289	22.7
0.286	22.7
0.283	22.7
0.281	22.7
0.278	22.7
0.275	22.7
0.273	22.7
0.270	22.7
0.267	22.7
0.265	22.7
0.262	22.7
0.259	22.7
0.257	22.7
0.254	22.7
0.251	22.7
0.249	22.7
0.246	22.7
0.243	22.7
0.241	22.7
0.238	22.7
0.235	22.7
0.233	22.7
0.230	22.7
0.227	22.7
0.225	22.7
0.222	22.7
0.219	22.7
0.217	22.8
0.214	22.8
0.211	22.8
0.209	22.8
0.206	22.8
0.203	22.8
0.201	22.8
0.198	22.8
0.195	22.8
0.193	22.8
0.190	22.8
0.187	22.8
0.184	22.8
0.182	22.8
0.179	22.8
0.176	22.8
0.174	22.9
0.171	22.9
0.168	22.8
0.166	22.8
0.163	22.8
0.160	22.8
0.158	22.9
0.155	22.9
0.152	22.9
0.150	22.8
0.147	22.9
0.144	22.9
0.142	22.9
0.139	22.9
0.136	22.9
0.134	23.0
0.131	22.9
0.128	23.0
0.126	23.0
0.123	23.0
0.120	23.0
0.118	23.0
0.115	23.0
0.112	23.0
0.110	22.9
0.107	22.9
0.104	22.9
0.102	22.9
0.099	22.9
0.096	22.9
0.094	22.9
0.091	22.9
0.088	22.9
0.086	22.9
0.083	22.9
0.080	22.9
0.078	22.9
0.075	22.9
0.072	22.9
0.070	22.9
0.067	22.9
0.064	22.9
0.061	22.9
0.059	22.9
0.056	22.9
0.053	22.9
0.051	22.9
0.048	22.9
0.045	22.9
0.043	22.9
0.040	22.9
0.037	22.9
0.035	22.9
0.032	22.9
0.029	22.9
0.027	22.9
0.024	23.0
0.021	23.0
0.019	23.0
0.016	23.1
0.013	23.1
0.011	23.1
0.008	23.1
0.005	23.2
0.003	23.3
0.000	23.4
-0.003	23.4
-0.005	23.4
-0.008	23.4
-0.011	23.4
-0.013	23.5
-0.016	23.5
-0.019	23.7
-0.021	24.0
-0.024	25.0
-0.027	27.2
-0.029	30.2
-0.032	32.6
-0.035	33.4
-0.037	32.1
-0.040	30.1
-0.043	28.5
-0.045	27.7
-0.048	27.3
-0.051	28.0
-0.053	32.7
-0.056	46.6
-0.059	66.5
-0.061	81.7
-0.064	87.5
-0.067	86.6
-0.070	72.9
-0.072	58.3
-0.075	47.6
-0.078	39.7
-0.080	33.7
-0.083	29.6
-0.086	27.1
-0.088	25.6
-0.091	24.8
-0.094	24.4
-0.096	24.0
-0.099	23.9
-0.102	23.8
-0.104	23.7
-0.107	23.6
-0.110	23.6
-0.112	23.5
-0.115	23.5
-0.118	23.5
-0.120	23.5
-0.123	23.4
-0.126	23.4
-0.128	23.4
-0.131	23.4
-0.134	23.4
-0.136	23.4
-0.139	23.3
-0.142	23.3
-0.144	23.3
-0.147	23.3
-0.150	23.2
-0.152	23.2
-0.155	23.2
-0.158	23.2
-0.160	23.2
-0.163	23.2
-0.166	23.1
-0.168	23.1
-0.171	23.1
-0.174	23.1
-0.176	23.1
-0.179	23.1
-0.182	23.1
-0.184	23.0
-0.187	23.0
-0.190	23.0
-0.193	23.0
-0.195	23.0
-0.198	23.0
-0.201	23.0
-0.203	23.0
-0.206	23.0
-0.209	22.9
-0.211	22.9
-0.214	22.9
-0.217	22.9
-0.219	22.9
-0.222	22.9
-0.225	22.9
-0.227	22.9
-0.230	22.9
-0.233	22.9
-0.235	22.9
-0.238	22.9
-0.241	22.8
-0.243	22.8
-0.246	22.8
-0.249	22.8
-0.251	22.8
-0.254	22.8
-0.257	22.8
-0.259	22.8
-0.262	22.8
-0.265	22.8
-0.267	22.8
-0.270	22.8
-0.273	22.8
-0.275	22.8
-0.278	22.7
-0.281	22.7
-0.283	22.7
-0.286	22.8
-0.289	22.8
-0.291	22.7
-0.294	22.7
-0.297	22.7
-0.299	22.7
-0.302	22.7
-0.305	22.8
-0.307	22.8
-0.310	22.8
-0.313	22.8
-0.316	22.7
-0.318	22.7
-0.321	22.7
-0.324	22.8
-0.326	22.8
-0.329	22.8
-0.332	22.8
-0.334	22.8
-0.337	22.7
-0.340	22.7
-0.342	22.8
-0.345	22.8
-0.348	22.7
-0.350	22.7
-0.353	22.7
-0.356	22.7
-0.358	22.7
-0.361	22.8
-0.364	22.8
-0.366	22.8
-0.369	22.8
-0.372	22.8
-0.374	22.7
-0.377	22.7
-0.380	22.8
-0.382	22.8
-0.385	22.7
-0.388	22.7
-0.390	22.7
-0.393	22.7
-0.396	22.7
-0.398	22.7
-0.401	22.7
-0.404	22.7
-0.406	22.7
-0.409	22.7
-0.412	22.7
-0.414	22.7
-0.417	22.7
-0.420	22.7
-0.422	22.7
-0.425	22.7
-0.428	22.7
-0.430	22.7
-0.433	22.7
-0.436	22.7
-0.438	22.7
-0.441	22.7
-0.444	22.7
-0.447	22.8
-0.449	22.7
-0.452	22.7
-0.455	22.8
-0.457	22.8
-0.460	22.8
-0.463	22.8
-0.465	22.8
-0.468	22.8
-0.471	22.8
-0.473	22.7
-0.476	22.8
-0.479	22.8
-0.481	22.7
-0.484	22.8
-0.487	22.8
-0.489	22.8
-0.492	22.8
-0.495	22.8
-0.497	22.8
-0.500	22.8
-0.503	22.8
-0.505	22.8
-0.508	22.8
-0.511	22.8
-0.513	22.8
-0.516	22.8
-0.519	22.8
-0.521	22.8
-0.524	22.8
-0.527	22.8
-0.529	22.8
-0.532	22.8
-0.535	22.8
-0.537	22.8
-0.540	22.8
-0.543	22.8
-0.545	22.8
-0.548	22.8
-0.551	22.8
-0.553	22.9
-0.556	22.9
-0.559	22.9
-0.561	22.9
-0.564	22.9
-0.567	22.9
-0.570	22.9
-0.572	22.9
-0.575	22.9
-0.578	22.9
-0.580	22.9
-0.583	22.9
-0.586	22.9
-0.588	22.9
-0.591	22.9
-0.594	22.9
-0.596	22.9
-0.599	22.9
-0.602	22.9
-0.604	22.9
-0.607	22.9
-0.610	22.9
-0.612	22.9
-0.615	22.9
-0.618	22.9
-0.620	22.9
-0.623	22.9
-0.626	22.9
-0.628	23.0
-0.631	23.0
-0.634	23.0
-0.636	23.0
-0.639	23.0
-0.642	23.0
-0.644	23.0
-0.647	23.0
-0.650	23.0
-0.652	23.0
-0.655	23.0
-0.658	23.0
-0.660	23.0
-0.663	23.0
-0.666	23.1
-0.668	23.1
-0.671	23.0
-0.674	23.0
-0.676	23.0
-0.679	23.0
-0.682	23.0
-0.684	23.0
-0.687	23.0
-0.690	23.1
-0.692	23.1
-0.695	23.1
-0.698	23.1
-0.701	23.1
-0.703	23.1
-0.706	23.1
-0.709	23.1
-0.711	23.1
-0.714	23.2
-0.717	23.2
-0.719	23.2
-0.722	23.2
-0.725	23.2
-0.727	23.2
-0.730	23.2
-0.733	23.2
-0.735	23.2
-0.738	23.1
-0.741	23.1
-0.743	23.1
-0.746	23.1
-0.749	23.1
-0.751	23.1
-0.754	23.1
-0.757	23.1
-0.759	23.1
-0.762	23.1
-0.765	23.1
-0.767	23.1
-0.770	23.1
-0.773	23.1
-0.775	23.0
-0.778	23.1
-0.781	23.1
-0.783	23.1
-0.786	23.1
-0.789	23.1
-0.791	23.1
-0.794	23.1
-0.797	23.1
-0.799	23.1
-0.802	23.1
-0.805	23.1
-0.807	23.1
-0.810	23.1
-0.813	23.1
-0.815	23.1
-0.818	23.1
-0.821	23.2
-0.823	23.2
-0.826	23.1
-0.829	23.1
-0.831	23.1
-0.834	23.1
-0.837	23.1
-0.840	23.1
-0.842	23.1
-0.845	23.1
-0.848	23.1
-0.850	23.0
-0.853	23.0
-0.856	23.0
-0.858	23.1
-0.861	23.1
-0.864	23.1
-0.866	23.1
-0.869	23.1
-0.872	23.0
-0.874	23.1
-0.877	23.1
-0.880	23.1
-0.882	23.1
-0.885	23.1
-0.888	23.1
-0.890	23.1
-0.893	23.1
-0.896	23.1
-0.898	23.1
-0.901	23.1
-0.904	23.1
-0.906	23.1
-0.909	23.1
-0.912	23.1
-0.914	23.1
-0.917	23.1
-0.920	23.1
-0.922	23.2
-0.925	23.1
-0.928	23.1
-0.930	23.1
-0.933	23.1
-0.936	23.1
-0.938	23.1
-0.941	23.2
-0.944	23.2
-0.946	23.2
-0.949	23.1
-0.952	23.2
-0.954	23.2
-0.957	23.2
-0.960	23.2
-0.962	23.2
-0.965	23.2
-0.968	23.2
-0.970	23.2
-0.973	23.2
-0.976	23.2
-0.979	23.2
-0.981	23.2
-0.984	23.2
-0.987	23.2
-0.989	23.2
-0.992	23.2
-0.995	23.2
-0.997	23.2
-1.000	23.2
-1.003	23.2
-1.005	23.2
-1.008	23.2
-1.011	23.2
-1.013	23.2
-1.016	23.2
-1.019	23.2
-1.021	23.2
-1.024	23.2
-1.027	23.2
-1.029	23.2
-1.032	23.2
-1.035	23.2
-1.037	23.2
-1.040	23.2
-1.043	23.2
-1.045	23.2
-1.048	23.2
-1.051	23.3
-1.053	23.3
-1.056	23.2
-1.059	23.2
-1.061	23.2
-1.064	23.2
-1.067	23.2
-1.069	23.3
-1.072	23.3
-1.075	23.3
-1.077	23.3
-1.080	23.3
-1.083	23.3
-1.085	23.3
-1.088	23.3
-1.091	23.3
-1.093	23.3
-1.096	23.3
-1.099	23.3
-1.101	23.3
-1.104	23.3
-1.107	23.3
-1.109	23.3
-1.112	23.2
-1.115	23.2
-1.118	23.2
-1.120	23.2
-1.123	23.3
-1.126	23.3
-1.128	23.3
-1.131	23.3
-1.134	23.3
-1.136	23.3
-1.139	23.3
-1.142	23.3
-1.144	23.3
-1.147	23.3
-1.150	23.3
-1.152	23.3
-1.155	23.3
-1.158	23.3
-1.160	23.3
-1.163	23.3
-1.166	23.3
-1.168	23.3
-1.171	23.3
-1.174	23.3
-1.176	23.3
-1.179	23.3
-1.182	23.3
-1.184	23.3
-1.187	23.3
-1.190	23.3
-1.192	23.2
-1.195	23.2
-1.198	23.2
-1.200	23.3
-1.203	23.2
-1.206	23.2
-1.208	23.3
-1.211	23.3
-1.214	23.3
-1.216	23.3
-1.219	23.3
-1.222	23.3
-1.224	23.3
-1.227	23.3
-1.230	23.3
-1.232	23.3
-1.235	23.3
-1.238	23.4
-1.240	23.4
-1.243	23.4
-1.246	23.3
-1.248	23.4
-1.251	23.3
-1.254	23.3
-1.256	23.3
-1.259	23.3
-1.262	23.4
-1.265	23.3
-1.267	23.3
-1.270	23.3
-1.273	23.3
-1.275	23.3
-1.278	23.3
-1.281	23.3
-1.283	23.3
-1.286	23.3
-1.289	23.3
-1.291	23.3
-1.294	23.3
-1.297	23.3
-1.299	23.3
-1.302	23.3
-1.305	23.3
-1.307	23.3
-1.310	23.3
-1.313	23.3
-1.315	23.3
-1.318	23.3
-1.321	23.3
-1.323	23.3
-1.326	23.3
-1.329	23.3
-1.331	23.3
-1.334	23.3
-1.337	23.2
-1.339	23.2
-1.342	23.2
-1.345	23.2
-1.347	23.2
-1.350	23.2
-1.353	23.2
-1.355	23.2
-1.358	23.2
-1.361	23.2
-1.363	23.2
-1.366	23.2
-1.369	23.2
-1.371	23.2
-1.374	23.2
-1.377	23.2
-1.379	23.2
-1.382	23.2
-1.385	23.2
-1.387	23.2
-1.390	23.2
-1.393	23.2
-1.395	23.2
-1.398	23.2
-1.401	23.2
-1.403	23.2
-1.406	23.2
-1.409	23.2
-1.411	23.2
-1.414	23.2
-1.417	23.2
-1.419	23.2
-1.422	23.2
-1.425	23.2
-1.428	23.2
-1.430	23.2
-1.433	23.2
-1.436	23.2
-1.438	23.2
-1.441	23.2
-1.444	23.2
-1.446	23.2
-1.449	23.2
-1.452	23.2
-1.454	23.2
-1.457	23.2
-1.460	23.2
-1.462	23.2
-1.465	23.2
-1.468	23.2
-1.470	23.3
-1.473	23.3
-1.476	23.3
-1.478	23.3
-1.481	23.3
-1.484	23.3
-1.486	23.3
-1.489	23.3
-1.492	23.3
-1.494	23.3
-1.497	23.3
-1.500	23.3
-1.502	23.3
-1.505	23.3
-1.508	23.3
-1.510	23.3
-1.513	23.3
-1.516	23.3
-1.518	23.3
-1.521	23.3
-1.524	23.3
-1.526	23.3
-1.529	23.3
-1.532	23.3
-1.534	23.3
-1.537	23.3
-1.540	23.3
-1.542	23.3
-1.545	23.3
-1.548	23.3
-1.550	23.3
-1.553	23.3
-1.556	23.3
-1.558	23.3
-1.561	23.3
-1.564	23.3
-1.566	23.3
-1.569	23.3
-1.572	23.3
-1.574	23.3
-1.577	23.3
-1.580	23.3
-1.582	23.3
-1.585	23.3
-1.588	23.3
-1.591	23.3
-1.593	23.3
-1.596	23.3
-1.599	23.3
-1.601	23.3
-1.604	23.3
-1.607	23.3
-1.609	23.3
-1.612	23.3
-1.615	23.3
-1.617	23.3
-1.620	23.3
-1.623	23.3
-1.625	23.3
-1.628	23.3
-1.631	23.3
-1.633	23.2
-1.636	23.2
-1.639	23.2
-1.641	23.2
-1.644	23.2
-1.647	23.2
-1.649	23.2
-1.652	23.2
-1.655	23.2
-1.657	23.2
-1.660	23.2
-1.663	23.2
-1.665	23.2
-1.668	23.2
-1.671	23.2
-1.673	23.2
-1.676	23.2
-1.679	23.2
-1.681	23.2
-1.684	23.2
-1.687	23.2
-1.689	23.2
-1.692	23.2
-1.695	23.2
-1.697	23.2
-1.700	23.2
-1.703	23.2
-1.705	23.2
-1.708	23.3
-1.711	23.2
-1.713	23.2
-1.716	23.2
-1.719	23.3
-1.721	23.2
-1.724	23.2
-1.727	23.2
-1.729	23.3
-1.732	23.2
-1.735	23.2
-1.737	23.2
-1.740	23.2
-1.743	23.2
-1.745	23.2
-1.748	23.2
-1.751	23.2
-1.753	23.2
-1.756	23.2
-1.759	23.2
-1.761	23.2
-1.764	23.2
-1.767	23.2
-1.769	23.2
-1.772	23.2
-1.775	23.2
-1.778	23.2
-1.780	23.2
-1.783	23.2
-1.786	23.2
-1.788	23.2
-1.791	23.2
-1.794	23.2
-1.796	23.2
-1.799	23.2
-1.802	23.2
-1.804	23.2
-1.807	23.2
-1.810	23.2
-1.812	23.2
-1.815	23.2
-1.818	23.2
-1.820	23.2
-1.823	23.2
-1.826	23.2
-1.828	23.2
-1.831	23.2
-1.834	23.2
-1.836	23.2
-1.839	23.2
-1.842	23.2
-1.844	23.2
-1.847	23.2
-1.850	23.2
-1.852	23.2
-1.855	23.2
-1.858	23.2
-1.860	23.2
-1.863	23.2
-1.866	23.2
-1.868	23.2
-1.871	23.2
-1.874	23.2
-1.876	23.2
-1.879	23.2
-1.882	23.2
-1.884	23.2
-1.887	23.2
-1.890	23.2
-1.892	23.2
-1.895	23.2
-1.898	23.2
-1.900	23.2
-1.903	23.2
-1.906	23.1
-1.908	23.2
-1.911	23.2
-1.914	23.2
-1.916	23.2
-1.919	23.2
-1.922	23.1
-1.924	23.1
-1.927	23.1
-1.930	23.1
-1.932	23.2
-1.935	23.2
-1.938	23.2
-1.940	23.2
-1.943	23.1
-1.946	23.1
-1.948	23.2
-1.951	23.1
-1.954	23.1
-1.956	23.1
-1.959	23.1
-1.962	23.1
-1.964	23.1
-1.967	23.1
-1.970	23.1
-1.972	23.1
-1.975	23.1
-1.978	23.1
-1.980	23.1
-1.983	23.1
-1.986	23.1
-1.989	23.1
-1.991	23.1
-1.994	23.1
-1.997	23.1
-1.999	23.1
-2.002	23.1
-2.005	23.1
-2.007	23.1
-2.010	23.1
-2.013	23.1
-2.015	23.1
-2.018	23.1
-2.021	23.1
-2.023	23.2
-2.026	23.2
-2.029	23.2
-2.031	23.2
-2.034	23.1
-2.037	23.2
-2.039	23.2
-2.042	23.2
-2.045	23.2
-2.047	23.2
-2.050	23.2
-2.053	23.2
-2.055	23.2
-2.058	23.2
-2.061	23.2
-2.063	23.2
-2.066	23.2
-2.069	23.2
-2.071	23.2
-2.074	23.2
-2.077	23.2
-2.079	23.2
-2.082	23.2
-2.085	23.2
-2.087	23.2
-2.090	23.2
-2.093	23.2
-2.095	23.2
-2.098	23.2
-2.101	23.2
-2.103	23.2
-2.106	23.2
-2.109	23.2
-2.111	23.2
-2.114	23.2
-2.117	23.2
-2.119	23.2
-2.122	23.2
-2.125	23.2
-2.127	23.2
-2.130	23.2
-2.133	23.2
-2.135	23.2
-2.138	23.2
-2.141	23.2
-2.143	23.2
-2.146	23.2
-2.149	23.2
-2.151	23.2
-2.154	23.2
-2.157	23.2
-2.159	23.2
-2.162	23.2
-2.165	23.2
-2.167	23.2
-2.170	23.2
-2.173	23.2
-2.175	23.2
-2.178	23.2
-2.181	23.2
-2.183	23.2
-2.186	23.2
-2.189	23.2
-2.191	23.2
-2.194	23.2
-2.197	23.2
-2.199	23.2
-2.202	23.2
-2.205	23.2
-2.207	23.2
-2.210	23.2
-2.213	23.2
-2.215	23.2
-2.218	23.2
-2.221	23.2
-2.223	23.2
-2.226	23.2
-2.229	23.2
-2.231	23.2
-2.234	23.2
-2.237	23.2
-2.240	23.2
-2.242	23.2
-2.245	23.2
-2.248	23.2
-2.250	23.2
-2.253	23.2
-2.256	23.2
-2.258	23.2
-2.261	23.2
-2.264	23.2
-2.266	23.2
-2.269	23.2
-2.272	23.2
-2.274	23.2
-2.277	23.2
-2.280	23.2
-2.282	23.2
-2.285	23.2
-2.288	23.2
-2.290	23.2
-2.293	23.2
-2.296	23.2
-2.298	23.2
-2.301	23.2
-2.304	23.2
-2.306	23.3
-2.309	23.3
-2.312	23.3
-2.314	23.3
-2.317	23.2
-2.320	23.2
-2.322	23.2
-2.325	23.2
-2.328	23.2
-2.330	23.2
-2.333	23.2
-2.336	23.2
-2.338	23.2
-2.341	23.2
-2.344	23.2
-2.346	23.2
-2.349	23.2
-2.352	23.2
-2.354	23.2
-2.357	23.2
-2.360	23.2
-2.362	23.2
-2.365	23.2
-2.368	23.2
-2.370	23.2
-2.373	23.2
-2.376	23.1
-2.378	23.2
-2.381	23.2
-2.384	23.1
-2.386	23.2
-2.389	23.1
-2.392	23.1
-2.394	23.1
-2.397	23.1
-2.400	23.1
-2.402	23.2
-2.405	23.2
-2.408	23.1
-2.410	23.1
-2.413	23.1
-2.416	23.1
-2.418	23.1
-2.421	23.2
-2.424	23.1
-2.426	23.1
-2.429	23.1
-2.432	23.1
-2.434	23.1
-2.437	23.1
-2.440	23.1
-2.442	23.1
-2.445	23.1
-2.448	23.1
-2.450	23.1
-2.453	23.0
-2.456	23.0
-2.458	23.0
-2.461	23.0
-2.464	23.0
-2.466	23.0
-2.469	22.9
-2.472	22.9
-2.474	22.9
-2.477	22.9
-2.480	22.9
-2.482	22.9
-2.485	22.9
-2.488	22.9
-2.490	22.9
-2.493	22.9
-2.496	22.9
-2.498	22.9
-2.501	22.9
-2.504	22.9
-2.506	22.9
-2.509	22.9
-2.512	22.9
-2.514	22.9
-2.517	22.9
-2.520	22.9
-2.522	22.9
-2.525	22.9
-2.528	22.9
-2.530	22.9
-2.533	22.9
-2.536	22.9
-2.538	22.9
-2.541	22.9
-2.544	22.9
-2.546	22.9
-2.549	22.9
-2.552	22.9
-2.554	22.9
-2.557	22.9
-2.560	22.9
-2.562	22.9
-2.565	22.9
-2.568	22.8
-2.570	22.9
-2.573	22.9
-2.576	22.9
-2.578	22.9
-2.581	22.9
-2.584	22.9
-2.586	22.9
-2.589	22.9
-2.592	22.9
-2.594	22.9
-2.597	22.9
-2.600	22.9
-2.602	22.9
-2.605	22.9
-2.608	22.9
-2.610	23.0
-2.613	23.0
-2.616	22.9
-2.619	22.9
-2.621	22.9
-2.624	22.9
-2.627	22.9
-2.629	22.9
-2.632	23.0
-2.635	23.0
-2.637	23.0
-2.640	23.0
-2.643	23.0
-2.645	23.0
-2.648	23.0
-2.651	23.0
-2.653	23.0
-2.656	23.0
-2.659	23.0
-2.661	23.0
-2.664	23.0
-2.667	23.0
-2.669	23.0
-2.672	23.0
-2.675	23.0
-2.677	23.0
-2.680	23.0
-2.683	23.0
-2.685	23.0
-2.688	23.0
-2.691	23.0
-2.693	23.0
-2.696	23.1
-2.699	23.0
-2.701	23.1
-2.704	23.1
-2.707	23.1
-2.709	23.1
-2.712	23.0
-2.715	23.1
-2.717	23.0
-2.720	23.0
-2.723	23.1
-2.725	23.1
-2.728	23.1
-2.731	23.1
-2.733	23.1
