a	I
2.736	20.2
2.733	20.2
2.731	20.2
2.728	20.2
2.725	20.2
2.723	20.2
2.720	20.2
2.717	20.2
2.715	20.2
2.712	20.2
2.709	20.2
2.707	20.2
2.704	20.2
2.701	20.2
2.699	20.2
2.696	20.2
2.693	20.2
2.691	20.2
2.688	20.2
2.685	20.2
2.683	20.2
2.680	20.2
2.677	20.2
2.675	20.2
2.672	20.2
2.669	20.2
2.667	20.2
2.664	20.2
2.661	20.2
2.659	20.2
2.656	20.2
2.653	20.2
2.651	20.2
2.648	20.2
2.645	20.2
2.643	20.2
2.640	20.1
2.637	20.1
2.635	20.1
2.632	20.1
2.629	20.1
2.627	20.1
2.624	20.0
2.621	20.0
2.619	20.0
2.616	20.0
2.613	20.0
2.610	20.0
2.608	20.0
2.605	20.0
2.602	20.0
2.600	20.0
2.597	20.0
2.594	20.0
2.592	20.0
2.589	20.0
2.586	20.0
2.584	20.0
2.581	20.0
2.578	20.1
2.576	20.1
2.573	20.0
2.570	20.0
2.568	20.0
2.565	20.0
2.562	20.0
2.560	20.0
2.557	20.0
2.554	20.0
2.552	20.0
2.549	19.9
2.546	19.9
2.544	19.9
2.541	20.0
2.538	20.0
2.536	20.0
2.533	20.0
2.530	20.0
2.528	19.9
2.525	19.9
2.522	20.0
2.520	20.0
2.517	19.9
2.514	19.9
2.512	19.9
2.509	19.9
2.506	19.9
2.504	19.9
2.501	19.9
2.498	19.9
2.496	19.9
2.493	19.9
2.490	19.9
2.488	19.9
2.485	19.9
2.482	19.9
2.480	19.9
2.477	19.9
2.474	19.9
2.472	19.9
2.469	19.9
2.466	20.0
2.464	20.0
2.461	20.0
2.458	20.0
2.456	20.0
2.453	19.9
2.450	20.0
2.448	20.0
2.445	20.0
2.442	20.0
2.440	20.0
2.437	19.9
2.434	19.9
2.432	19.9
2.429	20.0
2.426	20.0
2.424	20.0
2.421	19.9
2.418	19.9
2.416	19.9
2.413	20.0
2.410	19.9
2.408	20.0
2.405	20.0
2.402	19.9
2.400	19.9
2.397	20.0
2.394	19.9
2.392	19.9
2.389	19.9
2.386	20.0
2.384	20.0
2.381	20.0
2.378	20.0
2.376	20.0
2.373	20.0
2.370	20.0
2.368	20.0
2.365	20.0
2.362	20.0
2.360	20.0
2.357	20.0
2.354	20.0
2.352	20.0
2.349	20.0
2.346	20.0
2.344	20.0
2.341	20.0
2.338	20.0
2.336	20.0
2.333	20.1
2.330	20.1
2.328	20.1
2.325	20.1
2.322	20.1
2.320	20.1
2.317	20.1
2.314	20.1
2.312	20.1
2.309	20.1
2.306	20.1
2.304	20.1
2.301	20.1
2.298	20.1
2.296	20.1
2.293	20.1
2.290	20.1
2.288	20.1
2.285	20.1
2.282	20.1
2.280	20.1
2.277	20.1
2.274	20.1
2.272	20.1
2.269	20.1
2.266	20.1
2.264	20.1
2.261	20.1
2.258	20.1
2.256	20.1
2.253	20.1
2.250	20.1
2.248	20.1
2.245	20.1
2.242	20.1
2.240	20.1
2.237	20.1
2.234	20.1
2.231	20.1
2.229	20.1
2.226	20.1
2.223	20.1
2.221	20.1
2.218	20.1
2.215	20.1
2.213	20.1
2.210	20.1
2.207	20.1
2.205	20.1
2.202	20.1
2.199	20.1
2.197	20.1
2.194	20.1
2.191	20.1
2.189	20.2
2.186	20.1
2.183	20.1
2.181	20.1
2.178	20.2
2.175	20.2
2.173	20.2
2.170	20.2
2.167	20.2
2.165	20.1
2.162	20.2
2.159	20.2
2.157	20.2
2.154	20.2
2.151	20.2
2.149	20.1
2.146	20.1
2.143	20.1
2.141	20.2
2.138	20.1
2.135	20.1
2.133	20.1
2.130	20.1
2.127	20.1
2.125	20.2
2.122	20.2
2.119	20.2
2.117	20.2
2.114	20.2
2.111	20.1
2.109	20.1
2.106	20.2
2.103	20.2
2.101	20.2
2.098	20.2
2.095	20.2
2.093	20.2
2.090	20.2
2.087	20.2
2.085	20.2
2.082	20.2
2.079	20.2
2.077	20.2
2.074	20.2
2.071	20.2
2.069	20.2
2.066	20.2
2.063	20.2
2.061	20.2
2.058	20.2
2.055	20.2
2.053	20.2
2.050	20.1
2.047	20.2
2.045	20.2
2.042	20.2
2.039	20.2
2.037	20.2
2.034	20.2
2.031	20.2
2.029	20.2
2.026	20.2
2.023	20.2
2.021	20.2
2.018	20.2
2.015	20.1
2.013	20.1
2.010	20.1
2.007	20.1
2.005	20.1
2.002	20.1
1.999	20.1
1.997	20.1
1.994	20.1
1.991	20.1
1.989	20.1
1.986	20.1
1.983	20.1
1.980	20.1
1.978	20.0
1.975	20.1
1.972	20.1
1.970	20.1
1.967	20.1
1.964	20.1
1.962	20.1
1.959	20.1
1.956	20.1
1.954	20.1
1.951	20.1
1.948	20.1
1.946	20.1
1.943	20.1
1.940	20.0
1.938	20.0
1.935	20.0
1.932	20.1
1.930	20.0
1.927	20.0
1.924	20.0
1.922	20.0
1.919	20.0
1.916	20.1
1.914	20.1
1.911	20.1
1.908	20.0
1.906	20.0
1.903	20.0
1.900	20.0
1.898	20.0
1.895	20.0
1.892	20.0
1.890	20.0
1.887	20.0
1.884	20.0
1.882	20.0
1.879	20.0
1.876	20.0
1.874	20.0
1.871	20.0
1.868	20.0
1.866	20.0
1.863	20.0
1.860	20.0
1.858	20.0
1.855	20.0
1.852	20.0
1.850	20.0
1.847	20.0
1.844	20.0
1.842	20.0
1.839	20.0
1.836	20.0
1.834	20.0
1.831	20.0
1.828	20.0
1.826	20.0
1.823	20.0
1.820	20.1
1.818	20.1
1.815	20.1
1.812	20.1
1.810	20.1
1.807	20.1
1.804	20.1
1.802	20.1
1.799	20.1
1.796	20.1
1.794	20.1
1.791	20.1
1.788	20.1
1.786	20.1
1.783	20.2
1.780	20.2
1.778	20.2
1.775	20.2
1.772	20.2
1.769	20.2
1.767	20.2
1.764	20.2
1.761	20.2
1.759	20.2
1.756	20.2
1.753	20.2
1.751	20.2
1.748	20.2
1.745	20.2
1.743	20.2
1.740	20.2
1.737	20.2
1.735	20.2
1.732	20.2
1.729	20.2
1.727	20.3
1.724	20.3
1.721	20.3
1.719	20.3
1.716	20.3
1.713	20.3
1.711	20.3
1.708	20.3
1.705	20.3
1.703	20.3
1.700	20.3
1.697	20.3
1.695	20.3
1.692	20.3
1.689	20.3
1.687	20.4
1.684	20.3
1.681	20.3
1.679	20.3
1.676	20.3
1.673	20.3
1.671	20.3
1.668	20.3
1.665	20.3
1.663	20.3
1.660	20.3
1.657	20.3
1.655	20.3
1.652	20.3
1.649	20.3
1.647	20.3
1.644	20.3
1.641	20.3
1.639	20.3
1.636	20.3
1.633	20.3
1.631	20.3
1.628	20.3
1.625	20.3
1.623	20.3
1.620	20.3
1.617	20.3
1.615	20.3
1.612	20.3
1.609	20.4
1.607	20.4
1.604	20.4
1.601	20.4
1.599	20.3
1.596	20.3
1.593	20.4
1.591	20.4
1.588	20.4
1.585	20.4
1.582	20.4
1.580	20.4
1.577	20.4
1.574	20.4
1.572	20.4
1.569	20.4
1.566	20.4
1.564	20.4
1.561	20.3
1.558	20.3
1.556	20.4
1.553	20.4
1.550	20.4
1.548	20.4
1.545	20.4
1.542	20.4
1.540	20.4
1.537	20.4
1.534	20.4
1.532	20.4
1.529	20.4
1.526	20.4
1.524	20.4
1.521	20.4
1.518	20.4
1.516	20.4
1.513	20.4
1.510	20.4
1.508	20.4
1.505	20.4
1.502	20.4
1.500	20.4
1.497	20.4
1.494	20.4
1.492	20.4
1.489	20.4
1.486	20.4
1.484	20.4
1.481	20.4
1.478	20.4
1.476	20.4
1.473	20.4
1.470	20.4
1.468	20.4
1.465	20.4
1.462	20.4
1.460	20.4
1.457	20.4
1.454	20.4
1.452	20.4
1.449	20.4
1.446	20.4
1.444	20.4
1.441	20.4
1.438	20.4
1.436	20.4
1.433	20.3
1.430	20.4
1.428	20.3
1.425	20.3
1.422	20.3
1.419	20.3
1.417	20.3
1.414	20.3
1.411	20.3
1.409	20.3
1.406	20.3
1.403	20.4
1.401	20.4
1.398	20.4
1.395	20.4
1.393	20.4
1.390	20.4
1.387	20.4
1.385	20.4
1.382	20.4
1.379	20.4
1.377	20.4
1.374	20.4
1.371	20.4
1.369	20.4
1.366	20.4
1.363	20.4
1.361	20.4
1.358	20.4
1.355	20.4
1.353	20.4
1.350	20.4
1.347	20.4
1.345	20.4
1.342	20.4
1.339	20.4
1.337	20.4
1.334	20.4
1.331	20.4
1.329	20.4
1.326	20.3
1.323	20.3
1.321	20.3
1.318	20.3
1.315	20.3
1.313	20.3
1.310	20.3
1.307	20.4
1.305	20.3
1.302	20.3
1.299	20.3
1.297	20.4
1.294	20.4
1.291	20.4
1.289	20.4
1.286	20.3
1.283	20.3
1.281	20.4
1.278	20.4
1.275	20.3
1.273	20.3
1.270	20.4
1.267	20.3
1.265	20.3
1.262	20.3
1.259	20.4
1.256	20.3
1.254	20.4
1.251	20.3
1.248	20.3
1.246	20.4
1.243	20.4
1.240	20.3
1.238	20.3
1.235	20.3
1.232	20.3
1.230	20.3
1.227	20.3
1.224	20.3
1.222	20.3
1.219	20.3
1.216	20.3
1.214	20.3
1.211	20.4
1.208	20.3
1.206	20.3
1.203	20.3
1.200	20.3
1.198	20.3
1.195	20.3
1.192	20.3
1.190	20.3
1.187	20.3
1.184	20.4
1.182	20.4
1.179	20.4
1.176	20.4
1.174	20.4
1.171	20.4
1.168	20.4
1.166	20.4
1.163	20.4
1.160	20.4
1.158	20.4
1.155	20.4
1.152	20.4
1.150	20.4
1.147	20.4
1.144	20.4
1.142	20.4
1.139	20.4
1.136	20.4
1.134	20.4
1.131	20.4
1.128	20.4
1.126	20.4
1.123	20.4
1.120	20.4
1.118	20.4
1.115	20.4
1.112	20.4
1.109	20.4
1.107	20.4
1.104	20.4
1.101	20.4
1.099	20.4
1.096	20.4
1.093	20.4
1.091	20.4
1.088	20.4
1.085	20.4
1.083	20.4
1.080	20.4
1.077	20.4
1.075	20.4
1.072	20.4
1.069	20.4
1.067	20.4
1.064	20.4
1.061	20.4
1.059	20.4
1.056	20.4
1.053	20.4
1.051	20.4
1.048	20.4
1.045	20.4
1.043	20.4
1.040	20.4
1.037	20.4
1.035	20.4
1.032	20.4
1.029	20.4
1.027	20.4
1.024	20.4
1.021	20.4
1.019	20.4
1.016	20.4
1.013	20.5
1.011	20.4
1.008	20.4
1.005	20.4
1.003	20.4
1.000	20.4
0.997	20.4
0.995	20.4
0.992	20.4
0.989	20.4
0.987	20.4
0.984	20.4
0.981	20.4
0.979	20.4
0.976	20.5
0.973	20.4
0.970	20.5
0.968	20.5
0.965	20.5
0.962	20.4
0.960	20.5
0.957	20.5
0.954	20.5
0.952	20.5
0.949	20.5
0.946	20.5
0.944	20.4
0.941	20.4
0.938	20.4
0.936	20.4
0.933	20.4
0.930	20.4
0.928	20.4
0.925	20.4
0.922	20.4
0.920	20.4
0.917	20.4
0.914	20.4
0.912	20.4
0.909	20.4
0.906	20.4
0.904	20.4
0.901	20.4
0.898	20.4
0.896	20.4
0.893	20.4
0.890	20.4
0.888	20.4
0.885	20.4
0.882	20.4
0.880	20.4
0.877	20.4
0.874	20.4
0.872	20.4
0.869	20.4
0.866	20.4
0.864	20.4
0.861	20.4
0.858	20.4
0.856	20.4
0.853	20.4
0.850	20.4
0.848	20.4
0.845	20.4
0.842	20.4
0.840	20.4
0.837	20.4
0.834	20.4
0.831	20.4
0.829	20.4
0.826	20.4
0.823	20.4
0.821	20.5
0.818	20.4
0.815	20.4
0.813	20.5
0.810	20.5
0.807	20.5
0.805	20.5
0.802	20.5
0.799	20.5
0.797	20.5
0.794	20.5
0.791	20.5
0.789	20.5
0.786	20.5
0.783	20.5
0.781	20.5
0.778	20.5
0.775	20.5
0.773	20.5
0.770	20.5
0.767	20.5
0.765	20.5
0.762	20.5
0.759	20.5
0.757	20.5
0.754	20.5
0.751	20.5
0.749	20.5
0.746	20.5
0.743	20.5
0.741	20.5
0.738	20.5
0.735	20.5
0.733	20.5
0.730	20.6
0.727	20.6
0.725	20.6
0.722	20.6
0.719	20.6
0.717	20.6
0.714	20.6
0.711	20.6
0.709	20.6
0.706	20.5
0.703	20.5
0.701	20.5
0.698	20.5
0.695	20.5
0.692	20.6
0.690	20.5
0.687	20.5
0.684	20.5
0.682	20.5
0.679	20.5
0.676	20.5
0.674	20.5
0.671	20.5
0.668	20.5
0.666	20.5
0.663	20.5
0.660	20.5
0.658	20.5
0.655	20.5
0.652	20.6
0.650	20.6
0.647	20.6
0.644	20.6
0.642	20.6
0.639	20.6
0.636	20.6
0.634	20.6
0.631	20.6
0.628	20.6
0.626	20.6
0.623	20.6
0.620	20.6
0.618	20.6
0.615	20.6
0.612	20.6
0.610	20.6
0.607	20.6
0.604	20.6
0.602	20.6
0.599	20.6
0.596	20.6
0.594	20.6
0.591	20.6
0.588	20.6
0.586	20.7
0.583	20.6
0.580	20.6
0.578	20.7
0.575	20.7
0.572	20.6
0.570	20.6
0.567	20.6
0.564	20.6
0.561	20.6
0.559	20.6
0.556	20.6
0.553	20.6
0.551	20.6
0.548	20.6
0.545	20.6
0.543	20.6
0.540	20.6
0.537	20.6
0.535	20.6
0.532	20.5
0.529	20.5
0.527	20.5
0.524	20.5
0.521	20.5
0.519	20.5
0.516	20.5
0.513	20.5
0.511	20.5
0.508	20.5
0.505	20.5
0.503	20.5
0.500	20.5
0.497	20.5
0.495	20.5
0.492	20.5
0.489	20.5
0.487	20.5
0.484	20.5
0.481	20.5
0.479	20.5
0.476	20.5
0.473	20.5
0.471	20.5
0.468	20.5
0.465	20.5
0.463	20.5
0.460	20.5
0.457	20.5
0.455	20.5
0.452	20.5
0.449	20.5
0.447	20.5
0.444	20.5
0.441	20.5
0.438	20.5
0.436	20.5
0.433	20.5
0.430	20.5
0.428	20.5
0.425	20.5
0.422	20.5
0.420	20.5
0.417	20.5
0.414	20.5
0.412	20.5
0.409	20.5
0.406	20.5
0.404	20.5
0.401	20.5
0.398	20.5
0.396	20.5
0.393	20.5
0.390	20.5
0.388	20.5
0.385	20.5
0.382	20.5
0.380	20.5
0.377	20.5
0.374	20.5
0.372	20.5
0.369	20.5
0.366	20.5
0.364	20.5
0.361	20.5
0.358	20.5
0.356	20.5
0.353	20.5
0.350	20.5
0.348	20.5
0.345	20.5
0.342	20.5
0.340	20.5
0.337	20.5
0.334	20.5
0.332	20.5
0.329	20.5
0.326	20.5
0.324	20.5
0.321	20.5
0.318	20.5
0.316	20.5
0.313	20.5
0.310	20.5
0.307	20.5
0.305	20.5
0.302	20.5
0.299	20.5
0.297	20.5
0.294	20.4
0.291	20.5
0.289	20.5
0.286	20.4
0.283	20.4
0.281	20.4
0.278	20.4
0.275	20.4
0.273	20.4
0.270	20.4
0.267	20.4
0.265	20.4
0.262	20.4
0.259	20.4
0.257	20.4
0.254	20.4
0.251	20.4
0.249	20.4
0.246	20.4
0.243	20.4
0.241	20.4
0.238	20.4
0.235	20.4
0.233	20.4
0.230	20.4
0.227	20.4
0.225	20.4
0.222	20.4
0.219	20.4
0.217	20.4
0.214	20.4
0.211	20.4
0.209	20.4
0.206	20.4
0.203	20.4
0.201	20.4
0.198	20.4
0.195	20.4
0.193	20.4
0.190	20.4
0.187	20.4
0.184	20.5
0.182	20.4
0.179	20.4
0.176	20.4
0.174	20.4
0.171	20.4
0.168	20.4
0.166	20.4
0.163	20.4
0.160	20.4
0.158	20.5
0.155	20.4
0.152	20.4
0.150	20.4
0.147	20.4
0.144	20.4
0.142	20.4
0.139	20.4
0.136	20.4
0.134	20.4
0.131	20.4
0.128	20.4
0.126	20.4
0.123	20.4
0.120	20.4
0.118	20.4
0.115	20.4
0.112	20.4
0.110	20.4
0.107	20.4
0.104	20.5
0.102	20.5
0.099	20.5
0.096	20.5
0.094	20.5
0.091	20.5
0.088	20.5
0.086	20.4
0.083	20.4
0.080	20.4
0.078	20.4
0.075	20.4
0.072	20.4
0.070	20.4
0.067	20.4
0.064	20.4
0.061	20.4
0.059	20.4
0.056	20.4
0.053	20.4
0.051	20.4
0.048	20.6
0.045	21.8
0.043	23.1
0.040	23.4
0.037	22.9
0.035	22.2
0.032	21.8
0.029	24.4
0.027	35.7
0.024	46.3
0.021	47.0
0.019	41.7
0.016	35.2
0.013	29.7
0.011	25.8
0.008	23.5
0.005	22.3
0.003	21.7
0.000	21.0
-0.003	20.9
-0.005	20.8
-0.008	20.8
-0.011	20.7
-0.013	20.6
-0.016	20.5
-0.019	20.5
-0.021	20.5
-0.024	20.5
-0.027	20.4
-0.029	20.4
-0.032	20.4
-0.035	20.4
-0.037	20.4
-0.040	20.4
-0.043	20.4
-0.045	20.4
-0.048	20.4
-0.051	20.4
-0.053	20.3
-0.056	20.4
-0.059	20.4
-0.061	20.3
-0.064	20.3
-0.067	20.3
-0.070	20.3
-0.072	20.3
-0.075	20.3
-0.078	20.3
-0.080	20.2
-0.083	20.2
-0.086	20.2
-0.088	20.3
-0.091	20.2
-0.094	20.2
-0.096	20.2
-0.099	20.2
-0.102	20.2
-0.104	20.2
-0.107	20.2
-0.110	20.2
-0.112	20.1
-0.115	20.1
-0.118	20.1
-0.120	20.2
-0.123	20.1
-0.126	20.1
-0.128	20.1
-0.131	20.1
-0.134	20.1
-0.136	20.1
-0.139	20.1
-0.142	20.0
-0.144	20.0
-0.147	20.0
-0.150	20.0
-0.152	20.0
-0.155	20.0
-0.158	20.0
-0.160	20.0
-0.163	20.0
-0.166	19.9
-0.168	19.9
-0.171	20.0
-0.174	20.0
-0.176	19.9
-0.179	19.9
-0.182	19.9
-0.184	19.9
-0.187	19.9
-0.190	19.9
-0.193	19.9
-0.195	19.9
-0.198	19.9
-0.201	19.9
-0.203	19.9
-0.206	19.9
-0.209	19.9
-0.211	19.9
-0.214	19.9
-0.217	19.9
-0.219	19.9
-0.222	19.9
-0.225	19.9
-0.227	19.9
-0.230	19.9
-0.233	19.9
-0.235	19.9
-0.238	19.9
-0.241	19.8
-0.243	19.8
-0.246	19.8
-0.249	19.9
-0.251	19.8
-0.254	19.8
-0.257	19.8
-0.259	19.8
-0.262	19.8
-0.265	19.8
-0.267	19.8
-0.270	19.8
-0.273	19.8
-0.275	19.8
-0.278	19.8
-0.281	19.8
-0.283	19.8
-0.286	19.8
-0.289	19.8
-0.291	19.8
-0.294	19.8
-0.297	19.8
-0.299	19.8
-0.302	19.7
-0.305	19.7
-0.307	19.8
-0.310	19.7
-0.313	19.8
-0.316	19.7
-0.318	19.7
-0.321	19.7
-0.324	19.8
-0.326	19.8
-0.329	19.8
-0.332	19.7
-0.334	19.8
-0.337	19.7
-0.340	19.7
-0.342	19.7
-0.345	19.7
-0.348	19.7
-0.350	19.7
-0.353	19.6
-0.356	19.6
-0.358	19.6
-0.361	19.6
-0.364	19.6
-0.366	19.6
-0.369	19.6
-0.372	19.6
-0.374	19.6
-0.377	19.6
-0.380	19.6
-0.382	19.6
-0.385	19.6
-0.388	19.6
-0.390	19.6
-0.393	19.6
-0.396	19.6
-0.398	19.6
-0.401	19.6
-0.404	19.6
-0.406	19.6
-0.409	19.6
-0.412	19.6
-0.414	19.6
-0.417	19.6
-0.420	19.6
-0.422	19.6
-0.425	19.6
-0.428	19.6
-0.430	19.6
-0.433	19.6
-0.436	19.6
-0.438	19.6
-0.441	19.6
-0.444	19.6
-0.447	19.6
-0.449	19.6
-0.452	19.6
-0.455	19.6
-0.457	19.6
-0.460	19.6
-0.463	19.6
-0.465	19.6
-0.468	19.6
-0.471	19.6
-0.473	19.6
-0.476	19.6
-0.479	19.6
-0.481	19.6
-0.484	19.6
-0.487	19.6
-0.489	19.6
-0.492	19.6
-0.495	19.6
-0.497	19.6
-0.500	19.6
-0.503	19.6
-0.505	19.6
-0.508	19.6
-0.511	19.6
-0.513	19.6
-0.516	19.6
-0.519	19.6
-0.521	19.6
-0.524	19.6
-0.527	19.6
-0.529	19.6
-0.532	19.6
-0.535	19.6
-0.537	19.7
-0.540	19.6
-0.543	19.6
-0.545	19.6
-0.548	19.6
-0.551	19.6
-0.553	19.7
-0.556	19.7
-0.559	19.7
-0.561	19.7
-0.564	19.7
-0.567	19.7
-0.570	19.7
-0.572	19.7
-0.575	19.7
-0.578	19.6
-0.580	19.6
-0.583	19.6
-0.586	19.6
-0.588	19.6
-0.591	19.6
-0.594	19.6
-0.596	19.6
-0.599	19.6
-0.602	19.6
-0.604	19.6
-0.607	19.6
-0.610	19.6
-0.612	19.6
-0.615	19.6
-0.618	19.6
-0.620	19.6
-0.623	19.6
-0.626	19.6
-0.628	19.6
-0.631	19.6
-0.634	19.6
-0.636	19.6
-0.639	19.6
-0.642	19.6
-0.644	19.6
-0.647	19.6
-0.650	19.6
-0.652	19.6
-0.655	19.6
-0.658	19.6
-0.660	19.6
-0.663	19.6
-0.666	19.6
-0.668	19.6
-0.671	19.6
-0.674	19.6
-0.676	19.6
-0.679	19.5
-0.682	19.5
-0.684	19.5
-0.687	19.6
-0.690	19.6
-0.692	19.6
-0.695	19.6
-0.698	19.6
-0.701	19.6
-0.703	19.6
-0.706	19.6
-0.709	19.6
-0.711	19.6
-0.714	19.6
-0.717	19.5
-0.719	19.5
-0.722	19.6
-0.725	19.6
-0.727	19.5
-0.730	19.6
-0.733	19.6
-0.735	19.5
-0.738	19.5
-0.741	19.6
-0.743	19.6
-0.746	19.6
-0.749	19.5
-0.751	19.6
-0.754	19.5
-0.757	19.5
-0.759	19.5
-0.762	19.5
-0.765	19.5
-0.767	19.5
-0.770	19.5
-0.773	19.5
-0.775	19.5
-0.778	19.5
-0.781	19.4
-0.783	19.4
-0.786	19.4
-0.789	19.4
-0.791	19.4
-0.794	19.4
-0.797	19.4
-0.799	19.5
-0.802	19.5
-0.805	19.5
-0.807	19.5
-0.810	19.5
-0.813	19.4
-0.815	19.5
-0.818	19.5
-0.821	19.5
-0.823	19.5
-0.826	19.5
-0.829	19.5
-0.831	19.5
-0.834	19.4
-0.837	19.5
-0.840	19.5
-0.842	19.5
-0.845	19.5
-0.848	19.5
-0.850	19.4
-0.853	19.5
-0.856	19.5
-0.858	19.5
-0.861	19.4
-0.864	19.4
-0.866	19.4
-0.869	19.4
-0.872	19.3
-0.874	19.3
-0.877	19.4
-0.880	19.4
-0.882	19.4
-0.885	19.3
-0.888	19.3
-0.890	19.3
-0.893	19.3
-0.896	19.4
-0.898	19.4
-0.901	19.4
-0.904	19.4
-0.906	19.4
-0.909	19.4
-0.912	19.4
-0.914	19.4
-0.917	19.4
-0.920	19.4
-0.922	19.4
-0.925	19.3
-0.928	19.4
-0.930	19.4
-0.933	19.4
-0.936	19.4
-0.938	19.4
-0.941	19.4
-0.944	19.4
-0.946	19.4
-0.949	19.4
-0.952	19.4
-0.954	19.4
-0.957	19.3
-0.960	19.4
-0.962	19.4
-0.965	19.3
-0.968	19.4
-0.970	19.4
-0.973	19.4
-0.976	19.3
-0.979	19.3
-0.981	19.3
-0.984	19.3
-0.987	19.3
-0.989	19.3
-0.992	19.3
-0.995	19.2
-0.997	19.2
-1.000	19.2
-1.003	19.2
-1.005	19.2
-1.008	19.3
-1.011	19.3
-1.013	19.3
-1.016	19.3
-1.019	19.3
-1.021	19.3
-1.024	19.3
-1.027	19.3
-1.029	19.3
-1.032	19.3
-1.035	19.3
-1.037	19.3
-1.040	19.3
-1.043	19.3
-1.045	19.3
-1.048	19.3
-1.051	19.2
-1.053	19.2
-1.056	19.3
-1.059	19.2
-1.061	19.2
-1.064	19.2
-1.067	19.2
-1.069	19.3
-1.072	19.2
-1.075	19.2
-1.077	19.2
-1.080	19.2
-1.083	19.2
-1.085	19.2
-1.088	19.2
-1.091	19.2
-1.093	19.2
-1.096	19.2
-1.099	19.2
-1.101	19.2
-1.104	19.2
-1.107	19.2
-1.109	19.2
-1.112	19.2
-1.115	19.2
-1.118	19.2
-1.120	19.2
-1.123	19.2
-1.126	19.2
-1.128	19.2
-1.131	19.2
-1.134	19.2
-1.136	19.2
-1.139	19.2
-1.142	19.2
-1.144	19.2
-1.147	19.2
-1.150	19.2
-1.152	19.2
-1.155	19.2
-1.158	19.2
-1.160	19.2
-1.163	19.2
-1.166	19.2
-1.168	19.2
-1.171	19.2
-1.174	19.2
-1.176	19.2
-1.179	19.1
-1.182	19.1
-1.184	19.1
-1.187	19.1
-1.190	19.1
-1.192	19.1
-1.195	19.1
-1.198	19.1
-1.200	19.1
-1.203	19.1
-1.206	19.1
-1.208	19.1
-1.211	19.1
-1.214	19.1
-1.216	19.1
-1.219	19.1
-1.222	19.1
-1.224	19.1
-1.227	19.1
-1.230	19.1
-1.232	19.1
-1.235	19.1
-1.238	19.1
-1.240	19.1
-1.243	19.1
-1.246	19.1
-1.248	19.1
-1.251	19.1
-1.254	19.1
-1.256	19.1
-1.259	19.1
-1.262	19.1
-1.265	19.1
-1.267	19.0
-1.270	19.0
-1.273	19.0
-1.275	19.1
-1.278	19.0
-1.281	19.0
-1.283	19.0
-1.286	19.0
-1.289	18.9
-1.291	19.0
-1.294	19.0
-1.297	19.0
-1.299	19.0
-1.302	19.0
-1.305	18.9
-1.307	18.9
-1.310	18.9
-1.313	19.0
-1.315	18.9
-1.318	18.9
-1.321	18.9
-1.323	18.9
-1.326	18.9
-1.329	18.9
-1.331	18.9
-1.334	18.9
-1.337	18.9
-1.339	18.9
-1.342	18.9
-1.345	18.9
-1.347	18.9
-1.350	18.9
-1.353	18.9
-1.355	18.9
-1.358	18.8
-1.361	18.8
-1.363	18.8
-1.366	18.8
-1.369	18.8
-1.371	18.8
-1.374	18.8
-1.377	18.8
-1.379	18.8
-1.382	18.8
-1.385	18.8
-1.387	18.7
-1.390	18.7
-1.393	18.8
-1.395	18.8
-1.398	18.8
-1.401	18.7
-1.403	18.7
-1.406	18.7
-1.409	18.7
-1.411	18.7
-1.414	18.7
-1.417	18.7
-1.419	18.7
-1.422	18.7
-1.425	18.7
-1.428	18.6
-1.430	18.6
-1.433	18.6
-1.436	18.7
-1.438	18.6
-1.441	18.6
-1.444	18.7
-1.446	18.7
-1.449	18.7
-1.452	18.7
-1.454	18.7
-1.457	18.7
-1.460	18.7
-1.462	18.7
-1.465	18.7
-1.468	18.7
-1.470	18.7
-1.473	18.7
-1.476	18.7
-1.478	18.7
-1.481	18.7
-1.484	18.7
-1.486	18.7
-1.489	18.7
-1.492	18.7
-1.494	18.7
-1.497	18.7
-1.500	18.7
-1.502	18.6
-1.505	18.6
-1.508	18.7
-1.510	18.7
-1.513	18.6
-1.516	18.6
-1.518	18.6
-1.521	18.6
-1.524	18.6
-1.526	18.6
-1.529	18.6
-1.532	18.6
-1.534	18.6
-1.537	18.6
-1.540	18.6
-1.542	18.6
-1.545	18.6
-1.548	18.6
-1.550	18.6
-1.553	18.6
-1.556	18.6
-1.558	18.6
-1.561	18.5
-1.564	18.5
-1.566	18.5
-1.569	18.6
-1.572	18.5
-1.574	18.5
-1.577	18.5
-1.580	18.5
-1.582	18.5
-1.585	18.5
-1.588	18.5
-1.591	18.5
-1.593	18.5
-1.596	18.5
-1.599	18.4
-1.601	18.4
-1.604	18.4
-1.607	18.5
-1.609	18.4
-1.612	18.4
-1.615	18.4
-1.617	18.4
-1.620	18.4
-1.623	18.4
-1.625	18.4
-1.628	18.4
-1.631	18.4
-1.633	18.4
-1.636	18.3
-1.639	18.3
-1.641	18.3
-1.644	18.3
-1.647	18.3
-1.649	18.3
-1.652	18.3
-1.655	18.3
-1.657	18.3
-1.660	18.3
-1.663	18.3
-1.665	18.3
-1.668	18.3
-1.671	18.3
-1.673	18.2
-1.676	18.2
-1.679	18.3
-1.681	18.3
-1.684	18.3
-1.687	18.3
-1.689	18.3
-1.692	18.3
-1.695	18.2
-1.697	18.3
-1.700	18.3
-1.703	18.3
-1.705	18.3
-1.708	18.3
-1.711	18.2
-1.713	18.3
-1.716	18.3
-1.719	18.3
-1.721	18.3
-1.724	18.2
-1.727	18.2
-1.729	18.2
-1.732	18.1
-1.735	18.1
-1.737	18.1
-1.740	18.2
-1.743	18.1
-1.745	18.1
-1.748	18.1
-1.751	18.1
-1.753	18.1
-1.756	18.1
-1.759	18.1
-1.761	18.1
-1.764	18.1
-1.767	18.0
-1.769	18.0
-1.772	18.0
-1.775	18.0
-1.778	18.0
-1.780	18.0
-1.783	18.0
-1.786	18.0
-1.788	18.0
-1.791	18.0
-1.794	18.0
-1.796	18.0
-1.799	18.0
-1.802	18.0
-1.804	18.0
-1.807	18.0
-1.810	18.0
-1.812	18.0
-1.815	18.0
-1.818	18.0
-1.820	18.0
-1.823	18.0
-1.826	18.0
-1.828	18.0
-1.831	18.0
-1.834	18.0
-1.836	18.0
-1.839	18.0
-1.842	18.0
-1.844	17.9
-1.847	17.9
-1.850	18.0
-1.852	18.0
-1.855	18.0
-1.858	18.0
-1.860	18.0
-1.863	18.0
-1.866	17.9
-1.868	18.0
-1.871	17.9
-1.874	17.9
-1.876	17.9
-1.879	17.9
-1.882	17.9
-1.884	17.9
-1.887	17.9
-1.890	17.9
-1.892	17.9
-1.895	17.8
-1.898	17.8
-1.900	17.8
-1.903	17.8
-1.906	17.8
-1.908	17.9
-1.911	17.9
-1.914	17.8
-1.916	17.8
-1.919	17.8
-1.922	17.8
-1.924	17.8
-1.927	17.8
-1.930	17.8
-1.932	17.8
-1.935	17.8
-1.938	17.8
-1.940	17.8
-1.943	17.8
-1.946	17.8
-1.948	17.8
-1.951	17.8
-1.954	17.8
-1.956	17.7
-1.959	17.7
-1.962	17.7
-1.964	17.8
-1.967	17.7
-1.970	17.7
-1.972	17.7
-1.975	17.7
-1.978	17.7
-1.980	17.7
-1.983	17.7
-1.986	17.7
-1.989	17.7
-1.991	17.7
-1.994	17.7
-1.997	17.7
-1.999	17.7
-2.002	17.7
-2.005	17.7
-2.007	17.7
-2.010	17.7
-2.013	17.7
-2.015	17.7
-2.018	17.7
-2.021	17.7
-2.023	17.7
-2.026	17.7
-2.029	17.7
-2.031	17.7
-2.034	17.7
-2.037	17.7
-2.039	17.7
-2.042	17.7
-2.045	17.7
-2.047	17.7
-2.050	17.7
-2.053	17.7
-2.055	17.7
-2.058	17.7
-2.061	17.7
-2.063	17.7
-2.066	17.6
-2.069	17.6
-2.071	17.6
-2.074	17.6
-2.077	17.6
-2.079	17.6
-2.082	17.6
-2.085	17.6
-2.087	17.6
-2.090	17.6
-2.093	17.6
-2.095	17.6
-2.098	17.7
-2.101	17.6
-2.103	17.6
-2.106	17.6
-2.109	17.6
-2.111	17.6
-2.114	17.6
-2.117	17.6
-2.119	17.6
-2.122	17.6
-2.125	17.6
-2.127	17.6
-2.130	17.6
-2.133	17.6
-2.135	17.6
-2.138	17.6
-2.141	17.6
-2.143	17.6
-2.146	17.6
-2.149	17.5
-2.151	17.5
-2.154	17.5
-2.157	17.5
-2.159	17.5
-2.162	17.5
-2.165	17.5
-2.167	17.5
-2.170	17.5
-2.173	17.5
-2.175	17.5
-2.178	17.5
-2.181	17.5
-2.183	17.5
-2.186	17.5
-2.189	17.5
-2.191	17.5
-2.194	17.5
-2.197	17.5
-2.199	17.5
-2.202	17.5
-2.205	17.5
-2.207	17.5
-2.210	17.5
-2.213	17.5
-2.215	17.5
-2.218	17.4
-2.221	17.4
-2.223	17.4
-2.226	17.4
-2.229	17.4
-2.231	17.4
-2.234	17.4
-2.237	17.4
-2.240	17.4
-2.242	17.4
-2.245	17.4
-2.248	17.4
-2.250	17.4
-2.253	17.4
-2.256	17.4
-2.258	17.4
-2.261	17.4
-2.264	17.4
-2.266	17.4
-2.269	17.4
-2.272	17.4
-2.274	17.4
-2.277	17.4
-2.280	17.4
-2.282	17.4
-2.285	17.4
-2.288	17.4
-2.290	17.4
-2.293	17.4
-2.296	17.4
-2.298	17.4
-2.301	17.4
-2.304	17.4
-2.306	17.4
-2.309	17.4
-2.312	17.4
-2.314	17.4
-2.317	17.4
-2.320	17.3
-2.322	17.3
-2.325	17.3
-2.328	17.4
-2.330	17.3
-2.333	17.3
-2.336	17.3
-2.338	17.3
-2.341	17.2
-2.344	17.3
-2.346	17.2
-2.349	17.2
-2.352	17.2
-2.354	17.2
-2.357	17.2
-2.360	17.2
-2.362	17.1
-2.365	17.2
-2.368	17.2
-2.370	17.1
-2.373	17.1
-2.376	17.1
-2.378	17.1
-2.381	17.1
-2.384	17.1
-2.386	17.1
-2.389	17.1
-2.392	17.1
-2.394	17.1
-2.397	17.1
-2.400	17.1
-2.402	17.1
-2.405	17.1
-2.408	17.1
-2.410	17.0
-2.413	17.0
-2.416	17.0
-2.418	17.0
-2.421	17.0
-2.424	17.0
-2.426	17.0
-2.429	17.0
-2.432	17.0
-2.434	17.0
-2.437	17.0
-2.440	17.0
-2.442	17.0
-2.445	17.0
-2.448	17.0
-2.450	17.0
-2.453	16.9
-2.456	16.9
-2.458	16.9
-2.461	17.0
-2.464	16.9
-2.466	16.9
-2.469	16.9
-2.472	16.9
-2.474	16.8
-2.477	16.9
-2.480	16.8
-2.482	16.8
-2.485	16.8
-2.488	16.8
-2.490	16.8
-2.493	16.8
-2.496	16.8
-2.498	16.8
-2.501	16.8
-2.504	16.8
-2.506	16.8
-2.509	16.8
-2.512	16.8
-2.514	16.8
-2.517	16.8
-2.520	16.8
-2.522	16.8
-2.525	16.8
-2.528	16.8
-2.530	16.8
-2.533	16.8
-2.536	16.8
-2.538	16.8
-2.541	16.8
-2.544	16.8
-2.546	16.7
-2.549	16.7
-2.552	16.7
-2.554	16.7
-2.557	16.7
-2.560	16.7
-2.562	16.7
-2.565	16.7
-2.568	16.7
-2.570	16.7
-2.573	16.7
-2.576	16.7
-2.578	16.7
-2.581	16.7
-2.584	16.7
-2.586	16.7
-2.589	16.7
-2.592	16.7
-2.594	16.7
-2.597	16.7
-2.600	16.7
-2.602	16.7
-2.605	16.7
-2.608	16.7
-2.610	16.7
-2.613	16.7
-2.616	16.7
-2.619	16.7
-2.621	16.7
-2.624	16.6
-2.627	16.6
-2.629	16.7
-2.632	16.7
-2.635	16.7
-2.637	16.7
-2.640	16.7
-2.643	16.7
-2.645	16.6
-2.648	16.7
-2.651	16.7
-2.653	16.6
-2.656	16.6
-2.659	16.6
-2.661	16.6
-2.664	16.6
-2.667	16.6
-2.669	16.6
-2.672	16.6
-2.675	16.6
-2.677	16.6
-2.680	16.6
-2.683	16.6
-2.685	16.6
-2.688	16.6
-2.691	16.6
-2.693	16.6
-2.696	16.6
-2.699	16.6
-2.701	16.6
-2.704	16.6
-2.707	16.6
-2.709	16.6
-2.712	16.6
-2.715	16.6
-2.717	16.6
-2.720	16.6
-2.723	16.6
-2.725	16.6
-2.728	16.6
-2.731	16.6
-2.733	16.6
