X_value;Y_value
-5.0;3.0358597516975694
-4.98998998998999;2.902396612410782
-4.97997997997998;2.890226320927034
-4.96996996996997;2.9533248632583944
-4.95995995995996;2.8475004173214358
-4.94994994994995;2.9748835259791337
-4.93993993993994;2.969188221749052
-4.92992992992993;2.9861152741225525
-4.91991991991992;3.0047763128595797
-4.90990990990991;2.933725061011117
-4.8998998998999;2.9275139977637687
-4.88988988988989;3.0022719254749384
-4.87987987987988;2.9379722429177795
-4.86986986986987;2.9815179659748523
-4.85985985985986;2.967812406509005
-4.84984984984985;3.1101849634927863
-4.83983983983984;2.977618330215914
-4.82982982982983;2.944329834098014
-4.81981981981982;3.014106308962341
-4.80980980980981;2.964453049027665
-4.7997997997998;3.0630871557559276
-4.78978978978979;2.9705771049721217
-4.77977977977978;3.073944537589872
-4.76976976976977;3.023325566735097
-4.75975975975976;3.0740739524132112
-4.74974974974975;2.979835637698774
-4.73973973973974;3.139433481161986
-4.72972972972973;3.063921944195306
-4.71971971971972;3.0280888072599295
-4.70970970970971;3.0651265397758185
-4.6996996996997;3.066063328899774
-4.68968968968969;3.039365571734997
-4.67967967967968;3.031607616569512
-4.66966966966967;2.993607456079581
-4.65965965965966;3.1393797050877765
-4.64964964964965;3.14512503142104
-4.63963963963964;3.100581647183646
-4.62962962962963;3.0968077554116737
-4.61961961961962;3.148232088294694
-4.60960960960961;3.1559690209851885
-4.5995995995996;3.1474221145172527
-4.58958958958959;3.134073118733355
-4.57957957957958;3.2042212205495266
-4.56956956956957;3.130407081744586
-4.55955955955956;3.1199185580701565
-4.54954954954955;3.133842752985608
-4.53953953953954;3.0761702020782473
-4.52952952952953;3.1584310533335054
-4.51951951951952;3.187863829380141
-4.50950950950951;3.1380906748882174
-4.4994994994995;3.249266987809161
-4.48948948948949;3.156643162356076
-4.47947947947948;3.1951826647864063
-4.46946946946947;3.155498313348038
-4.45945945945946;3.0821505156266986
-4.44944944944945;3.2215908033716927
-4.43943943943944;3.1730965986029016
-4.42942942942943;3.122565535021096
-4.41941941941942;3.2448792966753883
-4.40940940940941;3.209587774842653
-4.3993993993994;3.317976368355426
-4.38938938938939;3.125877752575728
-4.37937937937938;3.3229915608634855
-4.36936936936937;3.1570001252509767
-4.35935935935936;3.287026542673169
-4.34934934934935;3.1971878340433895
-4.33933933933934;3.384311307801274
-4.32932932932933;3.2972722787766076
-4.31931931931932;3.2974419010750795
-4.3093093093093096;3.283323802626977
-4.2992992992992995;3.2781222475730742
-4.2892892892892895;3.371125181511958
-4.2792792792792795;3.2398399694523685
-4.2692692692692695;3.257948387853708
-4.2592592592592595;3.304600237987784
-4.2492492492492495;3.281879693211283
-4.2392392392392395;3.3308463783692237
-4.2292292292292295;3.305019589650824
-4.2192192192192195;3.3151003203414837
-4.2092092092092095;3.2263228403906874
-4.1991991991991995;3.322043052141849
-4.1891891891891895;3.353714299568911
-4.1791791791791795;3.3595385541055944
-4.1691691691691695;3.276310294097725
-4.1591591591591595;3.3570238956581626
-4.1491491491491495;3.3708891669478307
-4.1391391391391394;3.375235501987143
-4.129129129129129;3.30814864661981
-4.119119119119119;3.334753725121253
-4.109109109109109;3.2666010335196605
-4.099099099099099;3.3351611233784944
-4.089089089089089;3.301245166363086
-4.079079079079079;3.445493328104473
-4.069069069069069;3.376240446316362
-4.059059059059059;3.3644558175406827
-4.049049049049049;3.4141316002943953
-4.039039039039039;3.388853202479927
-4.029029029029029;3.326137647918058
-4.019019019019019;3.381140503825515
-4.009009009009009;3.42055078697082
-3.998998998998999;3.4044925057995368
-3.988988988988989;3.3798655670454925
-3.978978978978979;3.369288963240921
-3.968968968968969;3.386717522645987
-3.958958958958959;3.511310873731786
-3.948948948948949;3.407355428377436
-3.938938938938939;3.514804490338664
-3.928928928928929;3.33911073343189
-3.918918918918919;3.4912074484714983
-3.908908908908909;3.426694607491313
-3.898898898898899;3.458320664735073
-3.888888888888889;3.4350019759844774
-3.878878878878879;3.4537611018354153
-3.868868868868869;3.438596952772196
-3.858858858858859;3.4322227971102075
-3.848848848848849;3.442008747356588
-3.838838838838839;3.458186393997314
-3.828828828828829;3.549025453490938
-3.818818818818819;3.346651231567091
-3.808808808808809;3.514873024619963
-3.798798798798799;3.4571377606199567
-3.7887887887887888;3.5898531980935324
-3.7787787787787788;3.525934212089453
-3.7687687687687688;3.494727651562963
-3.7587587587587588;3.5357950325698
-3.7487487487487487;3.563574200396368
-3.7387387387387387;3.5107480227642847
-3.7287287287287287;3.538730025914253
-3.7187187187187187;3.518670130411423
-3.7087087087087087;3.473082294448878
-3.6986986986986987;3.492452422906052
-3.6886886886886887;3.5245329226848594
-3.6786786786786787;3.5180201437322
-3.6686686686686687;3.5821860242879002
-3.6586586586586587;3.5635035537390367
-3.6486486486486487;3.5490459623563346
-3.6386386386386387;3.5136843826838806
-3.6286286286286287;3.531603271847595
-3.6186186186186187;3.580632937344181
-3.6086086086086087;3.599934959292019
-3.5985985985985987;3.660237003096608
-3.5885885885885886;3.593770139608809
-3.5785785785785786;3.6494399112796962
-3.5685685685685686;3.6083825387706288
-3.5585585585585586;3.5954868498062744
-3.5485485485485486;3.500180538552221
-3.5385385385385386;3.6279169298387846
-3.5285285285285286;3.6265647376641557
-3.5185185185185186;3.6705059833926073
-3.5085085085085086;3.690016160879157
-3.4984984984984986;3.6683306325099823
-3.4884884884884886;3.7047157947726093
-3.4784784784784786;3.662484083705182
-3.4684684684684686;3.6596250506152384
-3.4584584584584586;3.622751863777602
-3.4484484484484486;3.6720050110097966
-3.4384384384384385;3.6916308527134754
-3.4284284284284285;3.729627260230389
-3.4184184184184185;3.6159717180053503
-3.4084084084084085;3.734534052139091
-3.3983983983983985;3.650940353513959
-3.388388388388388;3.7137342838865868
-3.378378378378378;3.6591820266878643
-3.368368368368368;3.6874085539252417
-3.358358358358358;3.673829185420099
-3.348348348348348;3.7341068283857375
-3.338338338338338;3.695340461847687
-3.328328328328328;3.806207841824758
-3.318318318318318;3.7614118005033084
-3.308308308308308;3.743907465228845
-3.298298298298298;3.784038005047132
-3.288288288288288;3.608807173758885
-3.278278278278278;3.710086237258827
-3.268268268268268;3.7022191971039136
-3.258258258258258;3.772600376029478
-3.248248248248248;3.6679094094033653
-3.238238238238238;3.7001574691923613
-3.228228228228228;3.7368287295699125
-3.218218218218218;3.720738340632593
-3.208208208208208;3.8580452716580873
-3.198198198198198;3.76383730738055
-3.188188188188188;3.7742439275915247
-3.178178178178178;3.7858441981369544
-3.168168168168168;3.745697500879333
-3.158158158158158;3.713316769578888
-3.148148148148148;3.7878059603692904
-3.138138138138138;3.800750589309611
-3.128128128128128;3.69023946575015
-3.118118118118118;3.8170566481097876
-3.108108108108108;3.7586234675469656
-3.098098098098098;3.7272432692901196
-3.088088088088088;3.7755481689022052
-3.078078078078078;3.741658208188114
-3.068068068068068;3.813250146544711
-3.058058058058058;3.8189432875608174
-3.048048048048048;3.7763154231295832
-3.038038038038038;3.859013439606104
-3.028028028028028;3.793584040936412
-3.018018018018018;3.838841870715524
-3.008008008008008;3.936259444023945
-2.997997997997998;3.831592211953999
-2.987987987987988;3.84807119382607
-2.977977977977978;3.8798647145095164
-2.967967967967968;3.676722258644922
-2.957957957957958;3.869094148886792
-2.947947947947948;3.922411866982522
-2.937937937937938;3.8875219014723537
-2.9279279279279278;3.8874958646165436
-2.9179179179179178;3.7958615485578
-2.9079079079079078;3.8416335863230167
-2.8978978978978978;3.882982448354508
-2.8878878878878878;3.8814839085092507
-2.8778778778778777;3.9343593040884115
-2.8678678678678677;3.887040279310301
-2.8578578578578577;3.850535051725285
-2.8478478478478477;3.8692477386536557
-2.8378378378378377;3.893861324710121
-2.8278278278278277;3.813334113779811
-2.8178178178178177;3.951505578785679
-2.8078078078078077;3.871925308503819
-2.7977977977977977;3.9123313154009343
-2.7877877877877877;3.886175686784612
-2.7777777777777777;3.9657252879052614
-2.7677677677677677;3.905024982471737
-2.7577577577577577;3.899827718443261
-2.7477477477477477;3.9789303757076016
-2.7377377377377377;3.863062218169868
-2.7277277277277276;3.9388002270829996
-2.7177177177177176;3.964978740606309
-2.7077077077077076;3.941835903207058
-2.6976976976976976;3.8581712228807743
-2.6876876876876876;4.030712543262293
-2.6776776776776776;3.921828434957576
-2.6676676676676676;3.963088801670637
-2.6576576576576576;3.9311491507558345
-2.6476476476476476;3.9496634919029088
-2.6376376376376376;3.909501721636433
-2.6276276276276276;4.055582371758519
-2.6176176176176176;4.057867091005577
-2.6076076076076076;3.978686728345205
-2.5975975975975976;3.995991212414931
-2.5875875875875876;4.076049118930691
-2.5775775775775776;4.125006916002661
-2.5675675675675675;4.062231426339661
-2.5575575575575575;3.9812883460436788
-2.5475475475475475;4.090071737640322
-2.5375375375375375;3.983851416970224
-2.5275275275275275;4.070907696644916
-2.5175175175175175;3.9939665532599036
-2.5075075075075075;4.0583580740399725
-2.4974974974974975;3.970988821482781
-2.4874874874874875;3.969424571336291
-2.4774774774774775;3.9708601959655754
-2.4674674674674675;4.052475224899664
-2.4574574574574575;4.026096489620066
-2.4474474474474475;3.9937586797276126
-2.4374374374374375;4.04833242595943
-2.4274274274274275;4.000271566919687
-2.4174174174174174;4.100446929255095
-2.4074074074074074;4.0009551628971955
-2.3973973973973974;4.033875337101493
-2.3873873873873874;4.031387932056836
-2.3773773773773774;4.109253851041462
-2.3673673673673674;3.9871940535564954
-2.3573573573573574;4.035786509007961
-2.3473473473473474;4.092604219767866
-2.3373373373373374;4.136169317921112
-2.3273273273273274;4.205125338232766
-2.3173173173173174;4.0418219959302055
-2.3073073073073074;4.100059301930569
-2.2972972972972974;4.094490483842284
-2.2872872872872874;4.035038505161325
-2.2772772772772774;4.104287128690599
-2.2672672672672673;4.0822542879465145
-2.2572572572572573;4.104554670125961
-2.2472472472472473;4.122782251423952
-2.2372372372372373;4.136452771141546
-2.2272272272272273;4.028083591249131
-2.2172172172172173;4.131084766167095
-2.2072072072072073;4.13275421110152
-2.1971971971971973;4.16656716873612
-2.1871871871871873;4.242437530593205
-2.1771771771771773;4.155343198959363
-2.1671671671671673;4.1331540376366265
-2.1571571571571573;4.201169082899443
-2.1471471471471473;4.175495308642474
-2.1371371371371373;4.152384460126124
-2.1271271271271273;4.206031407597615
-2.1171171171171173;4.210500803902455
-2.1071071071071072;4.247994190083737
-2.0970970970970972;4.31545667701536
-2.0870870870870872;4.463555455222119
-2.0770770770770772;4.5353324768776115
-2.067067067067067;4.630320012732083
-2.057057057057057;4.660497203765757
-2.047047047047047;4.711001960137196
-2.037037037037037;4.906585697549322
-2.027027027027027;5.051016822488366
-2.017017017017017;5.071661827533589
-2.007007007007007;5.184228915730239
-1.9969969969969972;5.166986294689069
-1.9869869869869872;5.14829913704016
-1.9769769769769772;5.064311907975996
-1.9669669669669672;4.9144600814925585
-1.9569569569569571;4.86464658735181
-1.9469469469469471;4.96633925596436
-1.9369369369369371;4.8842519965139415
-1.9269269269269271;4.857190047128809
-1.9169169169169171;4.764867762150891
-1.9069069069069071;4.852809944726631
-1.8968968968968971;4.7772086673829035
-1.886886886886887;5.0311874471694225
-1.876876876876877;4.935726460817674
-1.866866866866867;4.949349237896096
-1.856856856856857;5.065701733822299
-1.846846846846847;5.082171724715302
-1.836836836836837;4.9899153692550176
-1.826826826826827;4.994788538956538
-1.816816816816817;4.834099388292376
-1.806806806806807;4.707564499881868
-1.796796796796797;4.67791234644988
-1.7867867867867866;4.662434992180951
-1.7767767767767766;4.532216018436991
-1.7667667667667666;4.430939705764722
-1.7567567567567566;4.449637133472064
-1.7467467467467466;4.3074806239165015
-1.7367367367367366;4.306658007219588
-1.7267267267267266;4.263882099362697
-1.7167167167167166;4.2877485145264185
-1.7067067067067065;4.251239553224775
-1.6966966966966965;4.205448873846099
-1.6866866866866865;4.321306145610561
-1.6766766766766765;4.270163509190516
-1.6666666666666665;4.240732075324815
-1.6566566566566565;4.310873918770724
-1.6466466466466465;4.358131865027844
-1.6366366366366365;4.2942740927830965
-1.6266266266266265;4.411612525130332
-1.6166166166166165;4.271989600081781
-1.6066066066066065;4.2907611723216545
-1.5965965965965965;4.408529258480804
-1.5865865865865865;4.417411640331743
-1.5765765765765765;4.243519663680608
-1.5665665665665665;4.2915506899926035
-1.5565565565565564;4.359074124677324
-1.5465465465465464;4.396168496498423
-1.5365365365365364;4.2265298519754495
-1.5265265265265264;4.283688679453652
-1.5165165165165164;4.32945266600671
-1.5065065065065064;4.357312602238245
-1.4964964964964964;4.27873660860398
-1.4864864864864864;4.295377622696154
-1.4764764764764764;4.310764547773923
-1.4664664664664664;4.379253779054756
-1.4564564564564564;4.467482770761051
-1.4464464464464464;4.364744416518465
-1.4364364364364364;4.359841185952207
-1.4264264264264264;4.38748539483579
-1.4164164164164164;4.30223198997608
-1.4064064064064064;4.312559997201015
-1.3963963963963963;4.464875181681101
-1.3863863863863863;4.3121716502316
-1.3763763763763763;4.415840858750417
-1.3663663663663663;4.306889031373327
-1.3563563563563563;4.240895647516112
-1.3463463463463463;4.372521571256636
-1.3363363363363363;4.34099761205356
-1.3263263263263263;4.450882525567899
-1.3163163163163163;4.382031281082626
-1.3063063063063063;4.433852189723264
-1.2962962962962963;4.35782465164805
-1.2862862862862863;4.399574513502828
-1.2762762762762763;4.343787859003173
-1.2662662662662663;4.369424362137938
-1.2562562562562563;4.302160568543562
-1.2462462462462462;4.27377087929878
-1.2362362362362362;4.388666572448853
-1.2262262262262262;4.442358860497144
-1.2162162162162162;4.49198289472857
-1.2062062062062062;4.430512796604205
-1.1961961961961962;4.25778972094633
-1.1861861861861862;4.425357146530874
-1.1761761761761762;4.4476775744903705
-1.1661661661661662;4.362673028745391
-1.1561561561561562;4.43104706998659
-1.1461461461461462;4.372229161261568
-1.1361361361361362;4.372021747979334
-1.1261261261261262;4.411405393752586
-1.1161161161161162;4.405172038597984
-1.1061061061061062;4.464280454063391
-1.0960960960960962;4.482822628153569
-1.0860860860860861;4.295962297964845
-1.0760760760760761;4.38950733481107
-1.0660660660660661;4.380196554462472
-1.0560560560560561;4.305386776139439
-1.0460460460460461;4.423478595999846
-1.0360360360360361;4.3870393496797675
-1.026026026026026;4.366661706885255
-1.016016016016016;4.3746408503123115
-1.006006006006006;4.3826290397372105
-0.9959959959959956;4.416139428902632
-0.9859859859859856;4.339424621325415
-0.9759759759759756;4.436255743321241
-0.9659659659659656;4.3772822964681035
-0.9559559559559556;4.427549256824274
-0.9459459459459456;4.462099108197853
-0.9359359359359356;4.372195661899327
-0.9259259259259256;4.417023509010962
-0.9159159159159156;4.368755739014753
-0.9059059059059056;4.3522533291633305
-0.8958958958958956;4.479246067085245
-0.8858858858858856;4.41633603961419
-0.8758758758758756;4.3988465544189355
-0.8658658658658656;4.406869032599512
-0.8558558558558556;4.478805594492729
-0.8458458458458455;4.456430527483147
-0.8358358358358355;4.529037920861099
-0.8258258258258255;4.536918505564744
-0.8158158158158155;4.4851574599856034
-0.8058058058058055;4.453322197470931
-0.7957957957957955;4.481033819547866
-0.7857857857857855;4.510043188763209
-0.7757757757757755;4.350302732397792
-0.7657657657657655;4.405380264030939
-0.7557557557557555;4.431691665590042
-0.7457457457457455;4.4821120379895785
-0.7357357357357355;4.473993325049885
-0.7257257257257255;4.40185437377187
-0.7157157157157155;4.449732079577637
-0.7057057057057055;4.427769392332446
-0.6956956956956954;4.3595662012972305
-0.6856856856856854;4.426157522758525
-0.6756756756756754;4.479672619827286
-0.6656656656656654;4.448782393616682
-0.6556556556556554;4.517287816406
-0.6456456456456454;4.4937319831566604
-0.6356356356356354;4.410124290497972
-0.6256256256256254;4.42927996947302
-0.6156156156156154;4.558334151870218
-0.6056056056056054;4.404214729765023
-0.5955955955955954;4.4073056013851515
-0.5855855855855854;4.4651279205616
-0.5755755755755754;4.439541617656621
-0.5655655655655654;4.417309844917036
-0.5555555555555554;4.455033583262263
-0.5455455455455454;4.504357221273476
-0.5355355355355353;4.54378355964952
-0.5255255255255253;4.455081351601466
-0.5155155155155153;4.551370121743392
-0.5055055055055053;4.422607271600975
-0.4954954954954953;4.495910074692031
-0.4854854854854853;4.446460046607164
-0.4754754754754753;4.4945808784342995
-0.4654654654654653;4.499248656127238
-0.4554554554554553;4.486273764505467
-0.4454454454454453;4.4374344707504685
-0.4354354354354353;4.507373370578488
-0.4254254254254253;4.5288454648297
-0.41541541541541527;4.409875073648303
-0.40540540540540526;4.520684148840964
-0.39539539539539525;4.4565042976089275
-0.38538538538538525;4.443660491748608
-0.37537537537537524;4.539705915658573
-0.36536536536536524;4.383178250277336
-0.35535535535535523;4.454460282481732
-0.3453453453453452;4.500000984618813
-0.3353353353353352;4.480011121132283
-0.3253253253253252;4.50539818313308
-0.3153153153153152;4.517278311369216
-0.3053053053053052;4.466750949776695
-0.2952952952952952;4.522555391452254
-0.2852852852852852;4.568764125164913
-0.2752752752752752;4.51848148881244
-0.26526526526526517;4.462004586469388
-0.25525525525525516;4.51542433941055
-0.24524524524524516;4.52297477821245
-0.23523523523523515;4.477907957975837
-0.22522522522522515;4.494401996246057
-0.21521521521521514;4.512870387640044
-0.20520520520520513;4.573819341904681
-0.19519519519519513;4.4224476336001235
-0.18518518518518512;4.423360634046212
-0.1751751751751751;4.5025972044413765
-0.1651651651651651;4.4540561961884855
-0.1551551551551551;4.459845252660786
-0.1451451451451451;4.477868216362581
-0.1351351351351351;4.5391336948330165
-0.12512512512512508;4.516477064805523
-0.11511511511511507;4.47598407953734
-0.10510510510510507;4.4557710610485595
-0.09509509509509506;4.520068913713653
-0.08508508508508505;4.508968403244417
-0.07507507507507505;4.436711039761102
-0.06506506506506504;4.585838349349101
-0.055055055055055035;4.547609227411075
-0.04504504504504503;4.485873185220021
-0.03503503503503502;4.470617168510176
-0.025025025025025016;4.453840862714281
-0.01501501501501501;4.471994613846396
-0.005005005005005003;4.510457396845625
0.005005005005005003;4.553447604049801
0.01501501501501501;4.570775613239044
0.025025025025025016;4.482333169459259
0.03503503503503502;4.528260550660841
0.04504504504504503;4.442328397509375
0.055055055055055035;4.465202854828257
0.06506506506506504;4.453752897999311
0.07507507507507505;4.484967251005734
0.08508508508508505;4.497617251429053
0.09509509509509506;4.5071336194547476
0.10510510510510507;4.514106361368407
0.11511511511511507;4.516099850555097
0.12512512512512508;4.5105652654408726
0.1351351351351351;4.528364960877101
0.1451451451451451;4.408045905249818
0.1551551551551551;4.476142671465011
0.1651651651651651;4.478456318523681
0.1751751751751751;4.579977684000501
0.18518518518518512;4.5707917099686695
0.19519519519519513;4.576281687307471
0.20520520520520513;4.476415233499424
0.21521521521521514;4.490077138776415
0.22522522522522515;4.578628957565096
0.23523523523523515;4.515179029087157
0.24524524524524516;4.39430603709742
0.25525525525525516;4.461861545985969
0.26526526526526517;4.503162147128226
0.2752752752752752;4.470260853331447
0.2852852852852852;4.52407511658756
0.2952952952952952;4.498460600839137
0.3053053053053052;4.5081492874357485
0.3153153153153152;4.55772378454172
0.3253253253253252;4.5274337910449125
0.3353353353353352;4.4468074642172
0.3453453453453452;4.457205942296016
0.35535535535535523;4.489178985249783
0.36536536536536524;4.541215116110508
0.37537537537537524;4.551001928178613
0.38538538538538525;4.442312103060865
0.39539539539539525;4.395883624092022
0.40540540540540526;4.4889955864674675
0.41541541541541527;4.514462463243307
0.4254254254254253;4.454203273463999
0.4354354354354353;4.452269449642981
0.4454454454454453;4.512383421072149
0.4554554554554553;4.498240352081898
0.4654654654654653;4.451523463329595
0.4754754754754753;4.476048816830554
0.4854854854854853;4.47175768915535
0.4954954954954953;4.579570577386301
0.5055055055055053;4.422183726800445
0.5155155155155153;4.428211739665114
0.5255255255255253;4.485526312533833
0.5355355355355353;4.394142512098626
0.5455455455455454;4.515314449455501
0.5555555555555554;4.438399082008592
0.5655655655655654;4.529818785731787
0.5755755755755754;4.5558516511434775
0.5855855855855854;4.541212248738151
0.5955955955955954;4.4928053088538205
0.6056056056056054;4.397233950432393
0.6156156156156154;4.530639524672986
0.6256256256256254;4.38865008963082
0.6356356356356354;4.535917947593533
0.6456456456456454;4.5634117592238095
0.6556556556556554;4.396764412904923
0.6656656656656654;4.448291046156591
0.6756756756756754;4.456134963769808
0.6856856856856854;4.397363793270635
0.6956956956956954;4.486410057837743
0.7057057057057055;4.416749895107597
0.7157157157157155;4.433596134747535
0.7257257257257255;4.41318781482504
0.7357357357357355;4.477165824659238
0.7457457457457455;4.423828240584567
0.7557557557557555;4.391537090944005
0.7657657657657655;4.424127919385596
0.7757757757757755;4.400857413764275
0.7857857857857855;4.461005333194098
0.7957957957957955;4.498191811720874
0.8058058058058055;4.539821550230993
0.8158158158158155;4.503428380500229
0.8258258258258255;4.435382560117262
0.8358358358358355;4.4385264228400505
0.8458458458458455;4.464140187358806
0.8558558558558556;4.464324013305867
0.8658658658658656;4.518648646695934
0.8758758758758756;4.39208905063952
0.8858858858858856;4.466119561713597
0.8958958958958956;4.3282995622296925
0.9059059059059056;4.495727634084671
0.9159159159159156;4.376478881576899
0.9259259259259256;4.438475513861601
0.9359359359359356;4.485928318086602
0.9459459459459456;4.457917737994195
0.9559559559559556;4.369715199055928
0.9659659659659656;4.414703814367838
0.9759759759759756;4.434770963095744
0.9859859859859856;4.3742931665133264
0.9959959959959956;4.340182623674687
1.0060060060060056;4.476323773317938
1.0160160160160157;4.3740816094801005
1.0260260260260257;4.443684182048998
1.0360360360360357;4.452626187170868
1.0460460460460457;4.393283457057485
1.0560560560560557;4.4238098910903325
1.0660660660660657;4.422763465403559
1.0760760760760757;4.4616203570590125
1.0860860860860857;4.462788993168111
1.0960960960960957;4.3044391870646725
1.1061061061061057;4.294625728111815
1.1161161161161157;4.413495357642964
1.1261261261261257;4.407063810013721
1.1361361361361357;4.502430757251367
1.1461461461461457;4.385430498272501
1.1561561561561557;4.38008225861342
1.1661661661661658;4.369057841424739
1.1761761761761758;4.33568731658155
1.1861861861861858;4.320439136671405
1.1961961961961958;4.3465582776266585
1.2062062062062058;4.391361330222592
1.2162162162162158;4.32879468309249
1.2262262262262258;4.460896383039901
1.2362362362362358;4.328329470212098
1.2462462462462458;4.2718964107244135
1.2562562562562558;4.455935794285581
1.2662662662662658;4.408236159623335
1.2762762762762758;4.3478971724751565
1.2862862862862858;4.4231194762237775
1.2962962962962958;4.463778316578989
1.3063063063063058;4.3660084235778855
1.3163163163163158;4.503025964160755
1.3263263263263259;4.3559658717061565
1.3363363363363359;4.338291282998808
1.3463463463463459;4.366728412274051
1.3563563563563559;4.368790105565935
1.3663663663663659;4.370915398559192
1.3763763763763759;4.375026534037534
1.386386386386386;4.362810760614174
1.396396396396396;4.300141437216057
1.406406406406406;4.382899489924067
1.4164164164164168;4.279188854523862
1.4264264264264268;4.373462293348692
1.4364364364364368;4.38546307087311
1.4464464464464468;4.345164131531514
1.4564564564564568;4.301784818356771
1.4664664664664668;4.404755562555054
1.4764764764764768;4.382252981562384
1.4864864864864868;4.32563869008973
1.4964964964964969;4.4229266752448675
1.5065065065065069;4.383828533201876
1.5165165165165169;4.2682479818361125
1.5265265265265269;4.334895906634218
1.5365365365365369;4.201354917322144
1.5465465465465469;4.3300425087103696
1.556556556556557;4.276271821723635
1.566566566566567;4.284242629145047
1.576576576576577;4.2214768706598935
1.586586586586587;4.2803004340920525
1.596596596596597;4.4014464665643995
1.606606606606607;4.348546292130818
1.616616616616617;4.254811353935124
1.626626626626627;4.301815563387252
1.636636636636637;4.337748014200035
1.646646646646647;4.329662829002913
1.656656656656657;4.20793139054179
1.666666666666667;4.345512128670225
1.676676676676677;4.254017282935509
1.686686686686687;4.295839114469747
1.696696696696697;4.3052191418454875
1.706706706706707;4.271168681305447
1.716716716716717;4.20617365952167
1.726726726726727;4.2145269279888415
1.736736736736737;4.3175075524964805
1.746746746746747;4.216616439936708
1.756756756756757;4.289110900014454
1.766766766766767;4.237830302321757
1.776776776776777;4.3744491333409545
1.786786786786787;4.154750213006334
1.796796796796797;4.237085289265981
1.806806806806807;4.253568715478895
1.816816816816817;4.2042719398965085
1.826826826826827;4.199445721931252
1.836836836836837;4.193999544666904
1.846846846846847;4.332877104197061
1.856856856856857;4.289129833764866
1.866866866866867;4.238137968082731
1.876876876876877;4.1920375746367995
1.886886886886887;4.212289732144936
1.8968968968968971;4.210957929948074
1.9069069069069071;4.225761576351624
1.9169169169169171;4.087053057392207
1.9269269269269271;4.116937246295829
1.9369369369369371;4.264953402486283
1.9469469469469471;4.201737392466936
1.9569569569569571;4.256355628283092
1.9669669669669672;4.164839897068737
1.9769769769769772;4.202585690430252
1.9869869869869872;4.196953535439552
1.9969969969969972;4.223548217139693
2.007007007007007;4.163464564416372
2.017017017017017;4.163820678035314
2.027027027027027;4.15408058498726
2.037037037037037;4.161054804017602
2.047047047047047;4.161550690838096
2.057057057057057;4.239618016078748
2.067067067067067;4.20987388296619
2.0770770770770772;4.176696308584593
2.0870870870870872;4.2596612322882885
2.0970970970970972;4.233826041142099
2.1071071071071072;4.142713626170734
2.1171171171171173;4.170043551727432
2.1271271271271273;4.103884529860678
2.1371371371371373;4.2387462799725935
2.1471471471471473;4.197921438628942
2.1571571571571573;4.1209335588065725
2.1671671671671673;4.163093411570578
2.1771771771771773;4.152599744946149
2.1871871871871873;4.127251191915782
2.1971971971971973;4.0790778951675914
2.2072072072072073;4.190086179555928
2.2172172172172173;4.100031568984329
2.2272272272272273;4.162640685892569
2.2372372372372373;4.158023885062624
2.2472472472472473;4.166515867993512
2.2572572572572573;4.177295115760533
2.2672672672672673;4.107927601408303
2.2772772772772774;4.149245219643689
2.2872872872872874;4.102976150892413
2.2972972972972974;4.08099423857612
2.3073073073073074;4.004698291593988
2.3173173173173174;4.07093158820366
2.3273273273273274;4.061746838687525
2.3373373373373374;4.118008754253832
2.3473473473473474;4.03613108861502
2.3573573573573574;4.047865411745012
2.3673673673673674;4.173152536014263
2.3773773773773774;4.01173807675787
2.3873873873873874;4.025003456686312
2.3973973973973974;4.098491392359417
2.4074074074074074;4.055672861171798
2.4174174174174174;3.966676190120239
2.4274274274274275;4.069507545412965
2.4374374374374375;4.1557398965686385
2.4474474474474475;3.958308160751054
2.4574574574574575;4.054472547236847
2.4674674674674675;3.9726601287274996
2.4774774774774775;4.037882674318057
2.4874874874874875;4.033120133940233
2.4974974974974975;4.033197900710441
2.5075075075075075;4.10678959127463
2.5175175175175175;4.00285353068284
2.5275275275275275;4.080743204805739
2.5375375375375375;3.9860239517882214
2.5475475475475475;4.060702540112501
2.5575575575575575;4.040637816888933
2.5675675675675675;4.045918545476632
2.5775775775775776;4.0182704955162345
2.5875875875875876;4.021991625104457
2.5975975975975976;3.9690554438040797
2.6076076076076076;3.9252957183731914
2.6176176176176176;3.9938758758894815
2.6276276276276276;4.000506047563414
2.6376376376376376;4.106667772746751
2.6476476476476476;4.000719734818927
2.6576576576576576;4.0081500997477635
2.6676676676676676;3.9985432814359676
2.6776776776776776;3.9602369113985807
2.6876876876876876;4.0545772074027004
2.6976976976976976;4.037419017897337
2.7077077077077076;3.895673006602523
2.7177177177177176;4.014361625810879
2.7277277277277276;3.950467971419335
2.7377377377377377;3.973480589807531
2.7477477477477477;4.030811058521701
2.7577577577577577;3.8797924999557507
2.7677677677677677;3.9647777430555338
2.7777777777777777;3.922191522597972
2.7877877877877877;3.8124469995332264
2.7977977977977977;4.038866349974022
2.8078078078078077;3.893117293760186
2.8178178178178177;3.948199135451672
2.8278278278278277;3.86928144992588
2.8378378378378377;3.9747285546976814
2.8478478478478477;3.87321845439089
2.8578578578578577;3.9007854073090757
2.8678678678678677;3.850615991311744
2.8778778778778777;3.8436655158198123
2.8878878878878878;3.8705511239926884
2.8978978978978978;3.8480595675890297
2.9079079079079078;3.827638074280744
2.9179179179179178;3.841723583130773
2.9279279279279278;3.812330296350266
2.937937937937938;3.8246366505470606
2.947947947947948;3.8702564834861044
2.957957957957958;3.871298049059015
2.967967967967968;3.8881742806868904
2.977977977977978;3.8409317005624977
2.987987987987988;3.9104372624590904
2.997997997997998;3.8871875980424155
3.0080080080080087;3.7973203650726166
3.0180180180180187;3.757992196702445
3.0280280280280287;3.8459287698386286
3.0380380380380387;3.76464419592476
3.0480480480480487;3.750043674127158
3.0580580580580587;3.846510945992331
3.0680680680680688;3.7986371146643036
3.0780780780780788;3.8435323118176736
3.0880880880880888;3.9063350080150445
3.0980980980980988;3.832818624324366
3.108108108108109;3.8339746260498924
3.118118118118119;3.8134235625939326
3.128128128128129;3.7635229094824303
3.138138138138139;3.767006450476525
3.148148148148149;3.8074057723911605
3.158158158158159;3.7876098616952074
3.168168168168169;3.8056930068179344
3.178178178178179;3.820268877503504
3.188188188188189;3.706594501699132
3.198198198198199;3.697194134331013
3.208208208208209;3.7550305909174333
3.218218218218219;3.769984072860868
3.228228228228229;3.8232277045618903
3.238238238238239;3.702357673239264
3.248248248248249;3.668482800460785
3.258258258258259;3.6598800720843094
3.268268268268269;3.677283624770747
3.278278278278279;3.656163874346831
3.288288288288289;3.6509456937852347
3.298298298298299;3.646549562393406
3.308308308308309;3.6842075861920227
3.318318318318319;3.7400763917850792
3.328328328328329;3.702090191062956
3.338338338338339;3.722123379160028
3.348348348348349;3.8316611399256053
3.358358358358359;3.7302738398652067
3.368368368368369;3.653743003227227
3.378378378378379;3.69330148012973
3.388388388388389;3.6721416022554605
3.398398398398399;3.6754822766349062
3.408408408408409;3.7021540705141534
3.418418418418419;3.6279003309358417
3.428428428428429;3.764946739570581
3.438438438438439;3.6793550898006258
3.448448448448449;3.725095125313537
3.458458458458459;3.7825643558556177
3.468468468468469;3.530942675790471
3.478478478478479;3.6940064717121985
3.488488488488489;3.6856233491333015
3.498498498498499;3.655173032695807
3.508508508508509;3.637585883835555
3.518518518518519;3.6208212161510898
3.528528528528529;3.540748799923411
3.538538538538539;3.6205606500855425
3.548548548548549;3.652018509427561
3.558558558558559;3.575128451539554
3.568568568568569;3.675511371344985
3.578578578578579;3.635168827581786
3.588588588588589;3.6399099682692224
3.598598598598599;3.6085403432107803
3.608608608608609;3.6484316538840593
3.618618618618619;3.581229694865433
3.628628628628629;3.6286087356263987
3.638638638638639;3.466977303368441
3.648648648648649;3.558468826655807
3.658658658658659;3.5410440909654137
3.668668668668669;3.5481427998976613
3.678678678678679;3.5904420582685472
3.688688688688689;3.6489203559810566
3.698698698698699;3.559118796300387
3.708708708708709;3.5776567307666345
3.718718718718719;3.446171961459411
3.728728728728729;3.6353211877201037
3.738738738738739;3.4557276669176415
3.748748748748749;3.5133284723596625
3.758758758758759;3.6067945798060017
3.768768768768769;3.5465702081113806
3.778778778778779;3.377270861891434
3.788788788788789;3.515831574077748
3.7987987987987992;3.4443766983839668
3.8088088088088092;3.5245858695109558
3.8188188188188192;3.4519872641822973
3.8288288288288292;3.4304418677647055
3.8388388388388393;3.3950744067127845
3.8488488488488493;3.454675507062826
3.8588588588588593;3.4225707695887744
3.8688688688688693;3.424349387910977
3.8788788788788793;3.425525894215092
3.8888888888888893;3.4366161766990273
3.8988988988988993;3.446602751614178
3.9089089089089093;3.438977189738333
3.9189189189189193;3.429850737721242
3.9289289289289293;3.5298496455074937
3.9389389389389393;3.338751841387711
3.9489489489489493;3.4192419692027842
3.9589589589589593;3.3909587972441826
3.9689689689689693;3.382361489003254
3.9789789789789793;3.400073305608717
3.9889889889889893;3.3215543713567035
3.9989989989989994;3.4105157501947807
4.009009009009009;3.4582877179436324
4.019019019019019;3.4679711947572156
4.029029029029029;3.4027848914528978
4.039039039039039;3.364930073971524
4.049049049049049;3.3442977855746023
4.059059059059059;3.4435028415202797
4.069069069069069;3.393142226007928
4.079079079079079;3.3349917259159554
4.089089089089089;3.2877749064670017
4.099099099099099;3.3496867962306194
4.109109109109109;3.305739129639658
4.119119119119119;3.362104973117172
4.129129129129129;3.3788358425118714
4.1391391391391394;3.327991623271972
4.1491491491491495;3.4172542877503083
4.1591591591591595;3.329267757574246
4.1691691691691695;3.345890986527093
4.1791791791791795;3.3722356239397517
4.1891891891891895;3.2955751018635757
4.1991991991991995;3.3304910337812315
4.2092092092092095;3.250323018828627
4.2192192192192195;3.297061897819789
4.2292292292292295;3.3501675253535455
4.2392392392392395;3.2051136788765726
4.2492492492492495;3.3126876942903003
4.2592592592592595;3.234924879861269
4.2692692692692695;3.323419214781897
4.2792792792792795;3.250546114440354
4.2892892892892895;3.3013189911862972
4.2992992992992995;3.345989303184018
4.3093093093093096;3.2361203180650855
4.31931931931932;3.217341404491518
4.32932932932933;3.2351326895486965
4.33933933933934;3.2869156109772004
4.34934934934935;3.2922112016395535
4.35935935935936;3.1983926363974975
4.36936936936937;3.3911361297117804
4.37937937937938;3.173906861253219
4.38938938938939;3.2618511515027895
4.3993993993994;3.277883134155314
4.40940940940941;3.3064843530976114
4.41941941941942;3.239163562073269
4.42942942942943;3.204893081825579
4.43943943943944;3.097400640452172
4.44944944944945;3.2213641666901967
4.45945945945946;3.2123556663024337
4.46946946946947;3.1951554097417256
4.47947947947948;3.2110494801832594
4.48948948948949;3.1731812992537405
4.4994994994995;3.2685976895264997
4.50950950950951;3.0969474305937785
4.51951951951952;3.224256657036528
4.52952952952953;3.2121881413603375
4.53953953953954;3.2221865417820474
4.54954954954955;3.1007141520407826
4.55955955955956;3.097877536910534
4.56956956956957;3.13230206931517
4.57957957957958;3.138134623617682
4.58958958958959;3.127065038784139
4.5995995995996;3.2331314473529322
4.60960960960961;3.1623895829161386
4.61961961961962;3.0422502323225307
4.62962962962963;3.091048143246508
4.63963963963964;3.1604682536104596
4.64964964964965;3.0966296855223043
4.65965965965966;3.086750889823926
4.66966966966967;3.071624372396288
4.67967967967968;3.0550840296226447
4.68968968968969;3.018285784013955
4.6996996996997;3.0513105718668934
4.70970970970971;3.006936673875086
4.71971971971972;3.1216878841766915
4.72972972972973;3.117247188608174
4.73973973973974;3.011021097487495
4.74974974974975;3.0830936436419183
4.75975975975976;3.0619402637310307
4.76976976976977;3.0226817835863273
4.77977977977978;2.978119921299209
4.78978978978979;3.0149323176507905
4.7997997997998;2.974991537617721
4.80980980980981;2.97232674805621
4.81981981981982;3.055138004167346
4.82982982982983;3.035438785124136
4.83983983983984;3.026246305081203
4.84984984984985;2.95098084307671
4.85985985985986;2.865928372981808
4.86986986986987;3.036745138037333
4.87987987987988;3.029582704413486
4.88988988988989;3.0225136484160644
4.8998998998999;2.903331157534901
4.90990990990991;2.958000726775431
4.91991991991992;2.9104033810401853
4.92992992992993;2.8924361421947453
4.93993993993994;3.0191383199575452
4.94994994994995;2.9209419236907204
4.95995995995996;2.9192059407229753
4.96996996996997;2.864415505088273
4.97997997997998;2.9209087996093133
4.98998998998999;2.922680653238638
5.0;2.9344278055385593
