0	364.4890600299529	136380.69728473472
1	59.39700604512791	169161.73433315207
2	373.4778298493162	167531.593624933
3	514.1407050086996	167160.07481994046
4	193.86488518548254	167263.16020037327
5	238.4472108118297	167138.408676372
6	-7.138883156007012	166791.86094313257
7	228.27428108747768	167269.6711685634
8	523.1857276588472	166708.12458550392
9	409.2885840469778	166545.57227263195
10	727.2677751976173	166467.05845442996
11	421.8968695014898	166311.2861410467
12	429.24233216541217	166329.90685602557
13	419.0344063995584	166478.35429869633
14	383.4361795120609	166075.90388455158
15	264.75408721875664	166266.46746762184
16	139.28633103926086	166258.78583660803
17	383.7277987722885	166299.24083804092
18	363.398075533848	166268.2343118543
19	264.3975811758098	166059.61733292136
20	424.1683051204958	165921.84416817775
21	508.009074735191	166021.17932945734
22	91.72453300740247	165902.0146247792
23	494.0125338224456	165750.61197842302
24	472.18040633774336	166293.03363731178
25	466.0611513654031	167361.26071126485
26	670.0445104461041	167111.22264207588
27	272.6887004975341	166488.77574558233
28	462.17011997545626	166723.19847948683
29	563.4631902590257	166825.33010408885
30	547.7365785530636	166547.90392741657
31	581.5469636557251	169092.57594892746
32	741.5993887029036	182256.29265499132
33	342.18755791691046	203564.4473851869
34	424.1283583099635	198298.06259877403
35	304.0188664019221	174264.86575320203
36	134.20997121577108	166738.03607821206
37	103.1116289011284	165729.68248701977
38	692.0280302470305	165299.1139055654
39	452.0798451009432	165542.7310686444
40	477.496613089451	165284.21387400164
41	334.41763834619184	165345.3618655166
42	88.91625454207085	165356.33076319614
43	513.8392076434445	165282.74995319307
44	421.72400054674495	165195.0151716165
45	224.8711086996483	164986.91307731942
46	672.8097314162684	164981.2273760902
47	129.45268191249477	164980.56500614365
48	225.31974209036775	165002.57455924765
49	678.2958742248983	164806.02541825487
50	497.151192056851	164920.67545538422
51	194.5083714861263	165073.47480805684
52	277.6031054508298	165177.89751384602
53	37.38089152565182	165028.8252064406
54	384.874802320982	164824.54369099555
55	765.3155274472562	165020.318658302
56	191.31752091034622	164551.5896393021
57	247.87917829131598	164448.91143589164
58	167.8335162360055	164158.7022983297
59	250.2997195435994	164425.1835395304
60	579.7688970174536	164591.595505759
61	468.33137905401134	164590.22307664296
62	289.84835171290524	164393.88387692862
63	217.34882504945517	164763.58464929837
64	208.77508952696826	164609.00711411977
65	456.0805539984136	164408.9444540185
66	546.8580376490396	164382.1909459986
67	375.5626256019532	164386.83962592733
68	148.99376407603577	164640.95829897962
69	427.4674561696747	164703.52187930193
70	804.9350380107886	164362.93557164198
71	491.49696068681845	164547.12112568886
72	155.66016251780687	165305.60531300955
73	258.4598886613812	166483.74692134728
74	547.5701176532104	165735.1007125525
75	435.58929421382646	164456.73395926427
76	549.0250283645297	164074.56043123011
77	426.09887799034544	164642.49057652755
78	276.0206789065469	167021.52476446968
79	127.90761471475147	170423.22732179385
80	357.23430753152843	168492.90018454596
81	245.9968325590034	165014.3797138782
82	305.715816349948	163911.6869887985
83	474.5880838794344	163704.1710160899
84	262.13107047373563	163789.2081129712
85	222.4518443855933	163747.03383713347
86	573.8125124321202	163881.86890953005
87	323.1261135802926	163691.14082476395
88	439.88347498507056	163673.01359669882
89	414.6647450689122	163591.80206385543
90	348.0529077498593	163930.74540894863
91	482.5248449687246	164066.55514260792
92	645.4828556425414	164083.223080514
93	386.5479943334732	165015.92192393713
94	432.96896726305266	166899.69778333028
95	556.4496847954324	186096.8679346587
96	286.90107832048346	240164.02094562666
97	456.1360767485682	246824.29421797625
98	664.0721066062323	207342.71217233906
99	569.1027804238895	191195.09380993765
100	507.18405979979406	175414.9550920056
101	438.08555366600405	165812.53447795578
102	372.7421167550284	164012.6737982324
103	633.2660192993803	163375.08352218335
104	497.555292846048	163094.8626340175
105	381.4330512131947	163424.68069716464
106	92.87023735912506	163082.7973262724
107	351.8344948324206	163136.92552435
108	286.8220098952347	163080.416987603
109	396.1253535525003	163092.94042435152
110	295.17759770782806	163189.86339591962
111	405.1857073437521	163224.57696611815
112	288.68439548045393	162789.10352616542
113	346.8275308892243	163142.48884064148
114	633.8678066237145	163167.39836703072
115	299.1848034485277	163237.78520409818
116	388.27271176643126	163638.89955155677
117	381.8822100548593	164102.56058146025
118	303.7297812359489	164976.14358011694
119	281.0858973619722	168021.94655371166
120	189.76750547834573	199644.13008183983
121	433.39513599577595	304050.21505032986
122	317.6555171734151	316711.3086215948
123	220.69916420617855	217076.07352253672
124	324.1592443650866	171280.36485880223
125	497.66342653704737	165117.85331033153
126	315.0404962379321	163497.3584260633
127	435.38710140747224	162912.17511242442
128	336.7027369572994	162776.9823328927
129	144.61890466038415	162681.37868799013
130	5.421541803284789	163044.81682146067
131	194.40430116114092	163283.5671682954
132	177.51058760952955	163124.65353160107
133	283.65714812082786	162908.58050176312
134	405.49971505360764	162722.15468724447
135	165.91901225270087	162886.78008531535
136	524.514177913698	163379.05167806626
137	371.5233390078653	164699.71462998702
138	740.9074044062535	173279.28622293303
139	402.5182714755566	228176.0580193665
140	7.514381926965685	269935.5823811439
141	260.37921903144985	215503.84214994663
142	742.1222215672909	172941.04914272355
143	261.9296738399308	164997.1078098342
144	15.90614415740792	163194.70786955746
145	464.9210340385521	162611.15186612736
146	329.1767182177587	162221.41063609108
147	46.979900156636376	162122.91073291993
148	370.3698551905876	162044.36661904948
149	406.4237464279245	161983.24550406818
150	394.5552043281477	161959.07965906576
151	453.3304564156679	161865.48895725398
152	311.25692075616814	161925.9772233448
153	496.19749352805854	161815.9527204254
154	643.398829957175	161832.53374865488
155	479.03227611867567	162060.04031918696
156	440.77218614044693	161828.31363857753
157	447.0749299450244	161808.42369482218
158	498.00652072411117	162266.15655121647
159	274.34306321253024	163202.3686661976
160	354.87289464372503	163629.6401438428
161	111.62054086474379	162623.00558229585
162	148.53631490316593	162073.0439848547
163	409.43845266200697	161723.76551157807
164	339.18849006163845	161628.42845389995
165	174.50433564564707	162274.29627563886
166	515.8661680694125	161637.2458819723
167	264.1450569788318	161533.30879473736
168	231.7296907007979	161644.6037324556
169	448.46783068959417	162001.98571252543
170	370.9307933860717	161556.81327178728
171	490.8753709654436	161557.6554253299
172	659.4305382617925	161435.6448108333
173	204.6577616802592	161576.8109094993
174	225.14819122128142	161461.99427319074
175	353.29523705005573	161472.52864931052
176	839.3145772825048	162078.8115406031
177	328.3812536359692	162055.12647721005
178	398.04525288624575	161837.5778884204
179	119.53547518647937	161458.31736502697
180	437.7827532664738	161155.89635844476
181	-96.92146431325322	161233.55838778155
182	269.4310881640017	161270.4870669561
183	630.1659418239805	161267.6059724242
184	668.765231318857	161382.12835152767
185	296.2163972840777	161378.6305060097
186	416.08958700949245	161363.83375805928
187	394.4934581154722	161097.31185614073
188	427.10520713335023	160804.1380064574
189	549.5198080508294	161102.09768412847
190	365.742505405494	161113.3837938726
191	460.58435381899506	161002.3449707524
192	747.4336976965561	160733.9692485837
193	369.3697772404092	160971.33732694612
194	662.2490526128389	160857.00544778787
195	506.5801958340714	160756.260185694
196	482.98668348891493	160887.90086594757
197	284.40498216087803	160970.25507796893
198	623.7547287271434	161085.31166692372
199	676.3579352705701	161130.01057206278
200	601.8881545586642	160987.29518632323
201	609.5598688304221	160891.99781053918
202	374.1674441348174	161724.72420621346
203	210.57423644997095	161858.4837281436
204	260.83110818638886	162759.51992861772
205	473.29629160299544	165335.2928252448
206	550.1731186620882	163855.46843899295
207	504.04056542783593	161850.99374653675
208	347.6052665808362	161233.79631013665
209	365.98296470589514	161124.01104726418
210	621.5247930926375	160834.5493583979
211	343.5740357822007	160679.36906374837
212	351.4832828709131	160929.76589659185
213	582.6856945193746	161043.51475470696
214	383.402631873792	160705.92315232326
215	279.54191882244163	160844.9973770339
216	339.1577694615496	161017.3027975997
217	506.1310990202296	160718.8190349702
218	478.1421878862438	160719.9328682332
219	290.9129028156317	160690.58834131146
220	448.11051482574794	160463.51107315623
221	266.0893017477647	160340.21723367868
222	295.93251941033446	160571.64867589876
223	534.0443559911915	161127.9484865126
224	353.98154734972087	161750.38244109566
225	506.1332479048006	161653.76074648256
226	200.05081335073572	162924.7032431568
227	500.94433715032375	162927.84992618224
228	658.5355853252981	161341.11576638298
229	176.31448285439032	160681.32871351772
230	407.88531494979793	160191.9682289997
231	201.9020009078474	160357.20077870757
232	207.29350923559286	160470.1267142526
233	495.6785983403713	160374.23652209417
234	535.2184926728887	160369.3932428775
235	567.8670346058012	160247.07468543889
236	303.74875461749514	160399.58494529038
237	172.6159322903919	160008.6123015982
238	405.15021359380756	160021.30499391872
239	358.69052087142154	160355.13989009138
240	289.2631435147254	161064.66280079752
241	391.81883567212947	161669.19206957906
242	396.9866952542094	160875.70486204917
243	622.3753717850324	160486.30825500863
244	341.33052864753836	160291.28759485824
245	337.81912426229815	160282.0614600251
246	704.0871958600013	161186.91001361594
247	649.7045250580003	161922.54000538334
248	389.3804232379992	161370.39142771566
249	635.193161342051	160831.85583460398
250	760.0765559896853	160562.92675187663
251	582.6881194396021	160384.83065177596
252	170.87282024009866	160597.83530533794
253	566.935363282045	160391.83690799706
254	448.0579862776333	161424.03804701634
255	132.5870196090759	165450.80252531395
256	324.902047814287	204177.77187179748
257	205.1409452939034	239826.91154313835
258	466.7650462398903	200178.0339435426
259	371.9387231339377	169645.07893751952
260	304.4750230299255	162483.892075287
261	336.2226369189196	161149.32605407183
262	461.8016289106348	160601.51943486085
263	603.0775316988389	160415.47607384415
264	374.33583169735556	160312.6025902248
265	243.75253781569296	160163.19321398268
266	526.4101872868275	160954.23297402394
267	545.3642945017624	160914.26843799537
268	385.7994390982267	160244.6131928717
269	582.6916538061598	159855.78316230088
270	307.033082567331	159784.42634651758
271	335.0628822740795	159804.13772406266
272	425.5143110820439	159710.9192496141
273	288.0707155919412	159763.7572083521
274	204.226773482366	160202.78262621973
275	709.421721880655	159794.64281286582
276	535.7769734181406	160153.49748540338
277	118.29983354304298	159791.1205968646
278	213.69612854185064	159711.9967166301
279	678.4515389748535	159737.21869256708
280	412.6167818277968	159552.14906775745
281	407.9072504415963	159686.41840894186
282	64.64963689942333	159871.39249602528
283	324.8853556104987	160359.54999888013
284	753.9822526105214	160162.39046041653
285	438.05627603353156	159853.43162651392
286	135.76005313848563	160065.9979696354
287	242.6621737320447	159833.73242104845
288	428.4911985299256	159955.92268286043
289	303.4127173950769	160976.7009795726
290	451.42037903864644	171915.48926079305
291	473.30808704936373	187177.5782186305
292	230.47648407553078	176238.59738089688
293	436.73942132207293	164510.60164031328
294	792.4592823473581	160914.05526133665
295	159.93266447065355	160005.34682056337
296	239.7069435003063	160688.73589762332
297	337.3893310185963	165466.89904344856
298	425.50275112583995	169033.50065972714
299	422.3790840720206	164508.7689441846
300	414.1710218846263	161085.05618971464
301	458.9332372335472	159946.51344482118
302	694.8887822716249	159532.84068134244
303	595.643593579901	159564.29192326128
304	544.0584924802758	159658.7870285702
305	363.1765656965043	159493.42749838167
306	417.6777660028144	160119.39450018614
307	414.71200734166973	160673.9224261273
308	238.2293522935107	159895.5884364875
309	330.7261882964091	159726.53988924023
310	342.4025036759409	159425.73266288263
311	685.5383541086323	159460.60395061848
312	494.5336907445862	159470.5103995105
313	355.5820460859013	159557.168909148
314	643.003403126179	159485.66767525658
315	289.2055264755698	159423.1091463238
316	356.00406570259156	159120.1503425075
317	326.9669316977734	159415.69001812517
318	153.81273221623945	159290.9922111193
319	291.3068424458684	158993.92482585978
320	270.68603837990065	159310.0014775504
321	-95.60465688188913	159276.99722887474
322	474.9705367959953	159336.87730967475
323	466.93159646269214	159112.24247949678
324	227.77528232723282	159192.66392048117
325	407.7017605229846	159269.42659358244
326	332.09066537495164	159443.61754722334
327	330.3288412160901	159289.77484946288
328	743.4869893730842	159270.4930038758
329	302.0692666543946	159123.64052239392
330	316.0742986419536	159127.85929421752
331	392.8158845500844	158948.34193943054
332	318.1497952400385	159151.58697777076
333	336.4407849162614	159397.4040378724
334	254.50133951538064	159290.14143365234
335	691.3523400642456	159371.70163461
336	515.940217058701	159255.6477082747
337	500.5141521540797	159221.23046465518
338	468.9755757216743	159284.5586004219
339	577.0191871442798	159055.50302120895
340	500.8882536895382	159233.4609881221
341	429.0567625772953	159560.51020277917
342	335.19322830342236	159329.75504356134
343	592.7422849263296	159290.1744002075
344	418.6459303119349	159362.91583984226
345	292.6708786878237	159017.3801072653
346	226.84643979178023	159068.79673357317
347	347.2081937107168	159233.2862629364
348	341.89287987782575	159078.84570827524
349	226.81017221011376	159415.35495852525
350	269.8200879245421	159126.13648056716
351	639.9208419953309	159068.18441538667
352	-47.086845496113284	159130.79775034045
353	297.4854766609456	158945.0427856423
354	451.69301281111836	159179.63152298707
355	370.30093719384644	159063.03793086432
356	231.84878305469724	159141.46987979123
357	348.1445551193777	159212.1404095112
358	262.9876174438084	158955.32444664152
359	447.06555088564187	159112.15812137967
360	931.9983371420556	158964.48428196218
361	586.5900711954511	158670.14753820343
362	387.7071785173603	158814.83407072118
363	514.5609555353744	158948.71989060947
364	555.5429481274141	158984.09074621098
365	312.1668098281534	159019.94887139316
366	-4.552980653535357	158811.78289160389
367	215.11210400561177	158762.47915344939
368	373.5532078592819	158743.0602569514
369	641.7826629590147	158701.08123610917
370	540.6839402791423	159523.94955419615
371	770.6491745054678	159944.1648222586
372	311.7175538953314	160400.56532820407
373	388.5503395013687	160760.7332820378
374	211.58741495797784	161180.95781892832
375	440.611262097495	173541.0845029081
376	473.80972783464057	228272.90086181005
377	268.46516715483	230267.4565634356
378	480.55064443044705	185428.30275199842
379	229.15486389036215	166209.62630236516
380	448.694759970749	161525.30355602884
381	433.2212012717693	160652.10379416036
382	315.47570642815185	160606.174813585
383	388.7589528770494	165685.94066237166
384	585.2615015990052	175579.97976184587
385	416.90628820701113	170518.4090209305
386	505.649814927632	162773.78222785413
387	585.6625357909722	160119.61599601293
388	599.9805446854866	159346.6292380856
389	402.0867169670296	159165.6153781592
390	439.02464297192716	158720.1520238541
391	396.2597627177086	158857.39231879346
392	209.22285232430295	159019.38499358157
393	339.6883884665966	158683.9162590721
394	129.37532293767703	158877.12958190276
395	407.02651834959124	159065.9604771317
396	343.9142445858167	158951.90034150146
397	361.43970807169865	158933.13033933882
398	300.4549469123556	158788.6494481011
399	593.3373127791562	158584.2637500414
400	348.51154054358005	158882.41220278208
401	257.81368403262246	158736.28599341778
402	200.36549841535046	158724.97406612043
403	406.993236735401	158768.9072304903
404	402.8447090997595	158640.35269743454
405	511.5204315747648	158622.99165962572
406	374.38655102778915	158543.34935827454
407	146.58369279140595	158669.86052878652
408	668.4946328054756	158551.0052674184
409	377.2620341541362	158725.50052539364
410	740.6561440060708	158864.76384767558
411	407.4441232964802	158456.93947169028
412	290.6381716042493	158398.8206994479
413	445.9383513383658	158323.12633678672
414	688.1803626791295	158517.48190902467
415	229.64945398440526	158526.6869091653
416	522.9437595287347	158568.51211522016
417	670.722520541379	158632.91435307232
418	422.01568386290774	158900.03893720778
419	499.7185457158181	159618.87077865764
420	702.7449571688867	159570.10900724144
421	464.91097409398225	158637.10937040675
422	110.14883901891969	158699.7437958684
423	142.52042161202223	158595.23844830177
424	472.485530990942	158574.69312590556
425	269.3766767983599	158579.10220907515
426	523.7257215637894	159042.9389249689
427	170.78746394030694	160566.6527334093
428	172.33360806963606	160447.20011584205
429	194.79125342343136	160159.64927105187
430	-293.0900964804067	159681.07126212982
431	346.36507376764473	158928.4543369995
432	243.08655596670272	158606.6122798478
433	296.7231232121761	159366.87804041564
434	656.5744239340315	161324.69654685684
435	185.41994587444685	160688.1851678364
436	129.70269846379364	159379.81713905046
437	344.01738404746976	158585.36471876764
438	459.1074823566704	158545.791329405
439	402.82713125311415	158497.36746257448
440	290.44699384174186	158455.7139239741
441	464.69646761487945	158367.17221952166
442	520.0175041696873	158329.62581256733
443	432.8423724893637	158523.02459993967
444	67.9810171949573	158564.326500316
445	132.3021130528242	158602.49506000936
446	86.19840262971745	158329.9069169684
447	335.86463967581875	158337.5636757906
448	329.37526142168133	158513.236447634
449	412.3845802021398	158638.8392730224
450	383.789050527299	158615.42571702544
451	203.10490315846874	159388.75492979874
452	373.166871270735	159515.35584105126
453	411.04266630177176	158854.39879759346
454	551.7687645821293	158850.5153361589
455	383.8176863942641	160182.12226458095
456	521.9375848539868	164036.32784762097
457	252.99482618240216	163197.7779786959
458	84.24535076217967	160295.5543614297
459	333.04544195652755	159942.52326012313
460	418.14244638330314	164250.83994715003
461	284.57730248896235	165168.98734353148
462	221.65301977587262	161595.84336251576
463	271.77101616840173	160671.12362520292
464	545.9195040089141	160505.97092990283
465	98.73710956542526	159579.7128546635
466	484.0297731548113	158761.28137014006
467	451.0275195861379	158541.90739086256
468	94.16389668118977	158162.86908605942
469	33.86837895915542	158636.79774551783
470	475.98895569312566	158963.75220492124
471	148.88289675475943	158994.66088666918
472	432.8176069406432	158868.7073295368
473	513.9271712435027	158841.93496790342
474	498.2026422198876	159940.12330093526
475	445.7062639397144	164169.30919685384
476	733.8760712724024	204561.5684383634
477	455.1104745201856	426935.66593821364
478	434.14231403199716	544190.4548195325
479	518.2661271261799	410370.01444940653
480	524.4128308197245	259290.54962769995
481	724.3161309009737	192841.2580672296
482	232.43985037486513	173952.18673822127
483	490.073622181714	167312.0955917657
484	547.4413255870301	163821.67929710515
485	379.68946024402527	162014.60101830916
486	249.30633946522488	162363.3943437265
487	692.7503776804385	163136.28377117327
488	121.1139916878008	161218.59945272573
489	244.9985364804164	159497.9251126038
490	401.0624112634688	158914.36674841636
491	252.4063616380469	158606.3950618428
492	259.4875905392752	158378.20079262965
493	134.8474118957491	158521.14182768826
494	312.9704189439439	158720.7277046455
495	428.1074749959957	158317.88010937397
496	424.5785336955705	158416.96248101656
497	265.6872566005865	158168.25274363166
498	248.92523996973543	158512.69007527537
499	362.7119145609014	158357.6577301061
500	492.17471165556776	158115.74994753933
501	217.55943721480656	158175.0131585003
502	323.4921730137855	158116.96017593707
503	210.88289621787607	158186.87786021683
504	451.2374471876354	159487.50254015005
505	417.524534005376	163315.0378387044
506	247.96041865153313	163693.63969873395
507	375.7835123301444	160419.65914599606
508	432.13245143654257	158706.04213581298
509	381.11707993369606	158499.73623522135
510	436.67590820322965	158429.21741407426
511	282.5906868680333	158468.5428389591
512	471.7202590973829	158366.73857745068
513	421.8365374384854	158147.34359334965
514	410.7427687497292	158218.52769150154
515	381.32450206854304	158295.47368010622
516	523.5071573861679	158078.95469402787
517	350.21127171027064	158120.8074730964
518	639.1534157508519	158250.93226322843
519	663.8394607445987	158527.6256910278
520	468.82658025183923	158210.92882414488
521	505.3233277280742	158059.18662995275
522	548.5519679823716	158237.9138657039
523	535.2446398867132	158513.25842574693
524	298.1499134070825	158471.01029897438
525	670.8587093274613	158825.6697931005
526	422.82148345102064	160543.4253311654
527	57.739332336728154	177287.31554970302
528	430.55787976176737	230592.16016200863
529	478.0531914157713	249017.02907855608
530	359.70899139945163	203234.1298689143
531	622.8480340249309	176100.26876017314
532	505.5806059308727	168500.30102070884
533	63.995738519959524	163695.46261917497
534	553.9172473155692	160805.3220270103
535	237.58826821320656	159945.3415003443
536	482.36941875414186	159844.44224038313
537	405.2990979779522	159233.19362330987
538	187.12652412398973	158834.47208997532
539	378.0209496983771	158424.14640441124
540	563.304385665065	158267.36793885948
541	604.1976941880034	158080.19498160467
542	871.2941654688469	158062.5796140737
543	406.1363512463558	158319.7541534113
544	454.65968205516515	158359.5430156044
545	470.69743282045096	158085.2467041459
546	622.516471932384	158274.49441868492
547	231.48022777146954	158303.82702952297
548	623.1330111316043	157938.1506099809
549	548.369408400443	158057.19922786014
550	300.4318950252822	158239.77070304754
551	523.3817775557743	157994.8355849734
552	556.9403928765087	158524.60096265937
553	734.8879752348588	158391.0454376053
554	865.8505469729253	158237.57295757803
555	576.9864576451082	158339.61679880283
556	522.5221099277666	158409.46148425137
557	376.27909532794274	158405.4431157821
558	517.327537624163	158177.73607671887
559	373.9284733800618	158163.06089434805
560	500.38767477682603	158030.26280297842
561	676.3718072496381	157970.00609346165
562	472.11585544053423	158113.91572291002
563	522.6882900889257	157914.22661320746
564	1046.1919697495493	158245.37887172835
565	535.0641421549585	158203.73237667276
566	215.94206249880182	158141.47512903242
567	472.0666524077704	157925.26999570816
568	343.0611696003923	158143.8832199904
569	264.24199958147346	158326.54136888968
570	455.9356034935372	158691.62345237515
571	698.960254956302	158408.28784049183
572	120.43355625491371	160572.88969825007
573	385.6185474648339	167410.1996904704
574	479.8142977782238	259192.14243409268
575	410.1787888193175	388978.1395802295
576	30.442612883545856	300679.9046183318
577	360.06041148653026	208993.74715560066
578	433.91294994257004	179737.95581961772
579	359.3535537482115	175219.45112059783
580	581.0402246635304	170499.041077141
581	761.6967770842709	164728.01583594884
582	432.2851878771288	161352.13695273455
583	732.7721328481498	160021.58571222774
584	669.3233431985163	159516.0909637972
585	607.6057178129439	159198.2780801033
586	479.7005132346181	158659.65689674483
587	333.79621838281145	158513.37830151385
588	291.1269980975253	157921.2895649808
589	484.7141733436015	158322.55446581516
590	394.5106682231254	158445.32322725878
591	383.7183723102287	159381.1929377274
592	369.48378535326515	167442.46489197764
593	722.4238468329395	172998.91528548082
594	298.1034192545893	165891.5001997403
595	-93.03686507498652	160824.4157567763
596	607.8754497809736	159340.0631013365
597	584.8743648454501	158562.1270363604
598	574.9211180352761	158578.25953540677
599	439.76993336952944	158196.08447420772
600	169.50662401832858	158500.1651324542
601	471.39293554374717	158082.5947063685
602	741.2503705932726	158010.08466419534
603	847.5239923693017	158060.5168464398
604	406.1680981400829	157725.40252602744
605	524.2988796590256	157759.15613506205
606	627.5207999992041	157881.19676234407
607	791.3201431902778	157837.39746955535
608	643.5839159156997	157893.5545807669
609	419.0348802736471	157723.96170163984
610	259.84941956945653	158331.7297990872
611	624.4032719850761	158106.72890547797
612	502.2191014404864	158016.74682546218
613	434.89790708016943	157971.88681642004
614	476.07138613413724	157767.14477910008
615	172.91032497832214	158006.53220290036
616	88.82938795942997	157471.26741155202
617	345.1757141253316	157531.9048805499
618	516.4324933787948	157813.36524748534
619	741.1788972812423	157451.4538732076
620	517.1232872555179	157637.72328735513
621	589.2792401365707	157834.22814005346
622	474.6967664925279	157747.30674136576
623	489.9565201931635	157981.1835084549
624	579.8828181583443	157773.0020403604
625	444.358332931894	157659.20435942823
626	558.0794774790049	157639.91505120668
627	972.0510947771047	157573.995575505
628	502.60172863109784	157615.2755459846
629	261.9211219829596	157772.345946421
630	251.8568833853584	157753.47004242038
631	270.83463275990806	157646.53226385723
632	268.54750599191794	157870.2452746947
633	254.00308852328797	157719.64391245955
634	425.1869619751938	157727.89356754924
635	337.2879897205892	157786.43322860778
636	132.2793108996796	157686.97766512644
637	337.15596917138686	157670.51089177543
638	488.7509024430506	157650.13464213492
639	315.8577844770754	157989.02717801905
640	634.4437275700686	157704.62662288427
641	775.3690383640826	157759.68764541528
642	612.8205021794115	157745.39915017766
643	673.8120974784547	157720.88476655586
644	385.9799726518332	157561.82411094778
645	291.3432837495054	157698.53019801909
646	238.64740554309773	157665.84882381442
647	733.0009098227862	157890.26300484384
648	699.4358873869598	157533.33244286955
649	303.0847301926134	157764.74830816715
650	585.4144244048214	158027.4432897276
651	553.0040954124712	157540.27071124784
652	498.7000513906394	157354.65414077407
653	494.3478768031454	157460.55640926678
654	368.62493731995505	157509.59598416043
655	542.4139606981754	157621.29996134265
656	639.602532692606	157926.50237724063
657	406.7236129025949	157376.91749808448
658	305.7526357573255	157709.13152644646
659	213.13947308569686	158211.07825537192
660	421.30217805615155	158138.35137684774
661	401.4576480529754	157817.88251790675
662	431.10733411138483	157230.27299159445
663	572.2256585324413	157724.63674571554
664	572.931486423822	157587.35555688737
665	169.18669798158933	157641.69743257907
666	559.485834368728	157719.88051574415
667	414.35173103378304	157741.0316901639
668	382.8043622103435	157714.71404430649
669	401.4732513751538	158003.98468121633
670	209.854608203973	159331.2280011523
671	460.27219412654443	160978.810160946
672	644.6857929804312	159141.23649848768
673	785.8077705009758	158196.10938116186
674	666.228979098314	157897.82658341998
675	542.59318781771	157569.888345826
676	247.52519637866584	157749.296740116
677	407.56988738332836	157641.54417131166
678	897.9919958720146	157394.04359625618
679	456.9493070353427	157546.76674476417
680	259.03238658730356	157536.8455400022
681	527.9082581994375	157424.07050818155
682	466.2734537556897	157563.4208513005
683	522.9140781925146	157339.13884098994
684	704.6853570801067	157098.13500967438
685	373.47202334839017	157258.86068836588
686	94.67197920576017	157514.03409921823
687	318.9935591040769	157340.02795523548
688	451.23635203868497	157213.05517076547
689	429.27301676633084	157391.3708549675
690	425.9037668356609	157485.89845030426
691	408.90598886976204	157476.95584799812
692	597.7560115157979	157467.4647505046
693	486.71324477786106	157497.11699951085
694	497.0526035755542	157486.54251832527
695	428.5929791380602	157072.87416166122
696	389.4808214632197	157382.94459665255
697	555.0678005128989	157377.9887507678
698	724.1882322612672	157464.79660763286
699	365.8850105489466	157490.7645530836
700	535.7998893052842	157248.02136154045
701	421.8981426740008	157790.7830987445
702	752.2799688696798	158568.71814323313
703	869.0463496737491	158775.38259598508
704	747.1882503791576	158056.80284841981
705	548.2145910291161	157584.00346849274
706	785.8129882210978	157664.15142207153
707	701.955867437159	157293.2510791141
708	212.09086492768625	157206.99910310752
709	432.5185436914218	157604.67549621768
710	371.6585740391886	157484.7830931454
711	500.25514869380237	157491.0315034251
712	471.6303334042571	157223.58899814775
713	614.6084002508103	157909.86072242225
714	660.7614520299093	158876.53878763103
715	446.0704199037499	158836.10139788414
716	547.4943410258727	158194.07514025102
717	294.2967684930869	158261.62880445435
718	775.8055565546304	157892.90344073408
719	181.73482622321566	157818.96693286885
720	374.3504199234042	157912.51077068876
721	803.1407252899908	157409.2284212843
722	464.3911021779081	157531.5372528431
723	673.5889467043602	157562.7692772832
724	385.26416635257857	158128.98607425782
725	670.7830116440387	160794.1060028793
726	299.03666927541724	186900.85288123589
727	292.1711862373991	304703.94600900466
728	404.1230412450578	303821.4695496244
729	624.4448378488955	211476.28929726584
730	481.1752367207706	181187.28672305658
731	316.5967873102388	169728.3457941255
732	484.4263245841229	165408.98726051676
733	271.1776843502529	163140.49997728868
734	192.80402633151147	161403.41756225273
735	340.7463652213719	160147.7101282088
736	467.0169142031978	159339.18571307935
737	616.1888743783184	161103.14695240065
738	609.8357980170304	165764.45172493957
739	843.6149295281771	163031.62867603858
740	138.35148508164065	159619.75468310207
741	534.4315656873995	158280.7951137647
742	499.0984494297768	157813.73389454582
743	491.2243769387208	157352.8772145436
744	479.647829770664	157232.9687608165
745	490.29358306409233	157235.98460215767
746	559.7295027984803	157622.75453162796
747	176.5598868086766	161327.59270542435
748	262.4472908882964	167696.70268978638
749	438.43927363200066	173385.6519023383
750	858.1974866058262	168500.0001782818
751	498.6621831517059	161761.09607738853
752	484.53010489053304	159181.3452666611
753	716.6953005050038	157952.70277032148
754	445.4799650385243	157639.39529734803
755	496.77703372109016	157482.2903475125
756	199.23609463179432	157138.0881180463
757	511.4521857548934	156910.57885931426
758	607.8727471042696	157073.51443690094
759	548.6433758409444	157286.61490160984
760	711.983635553996	157035.18351004386
761	212.79967019094096	156797.5439195782
762	425.0537492198289	133311.11605041614
763	3.909968958858281	87278.21045695401
764	81.93350291087246	40874.41368153848
